2123534,4.0
684231,4.0
1469037,4.0
973120,4.0
1513514,4.0
1513841,5.0
962220,4.0
2450534,4.0
2136526,4.0
1319449,4.0
5987,5.0
2635358,4.0
1754537,4.0
1498217,4.0
995424,4.0
300253,5.0
946102,2.0
707166,5.0
409260,4.0
1670876,5.0
1676445,3.0
2335003,3.0
1706866,4.0
75940,4.0
2181794,4.0
510765,3.0
1267805,5.0
1928445,2.0
117255,2.0
2477303,4.0
247687,5.0
2160486,4.0
140823,3.0
1936206,5.0
1327900,4.0
2563274,4.0
701867,3.0
1600209,3.0
2015481,5.0
1556617,4.0
969495,4.0
1184388,4.0
1605124,3.0
2604976,4.0
309133,3.0
905156,3.0
627390,3.0
1821991,5.0
1109556,1.0
2568589,2.0
1872980,3.0
1235769,1.0
2179800,4.0
2248454,5.0
1767931,4.0
1955628,5.0
134617,3.0
586517,4.0
45117,5.0
1595876,4.0
1060623,2.0
1738753,4.0
2297919,3.0
2254775,3.0
408352,5.0
2611699,5.0
2109010,3.0
719755,4.0
683604,4.0
1610384,2.0
896309,1.0
380673,4.0
1541864,4.0
840623,5.0
285845,4.0
809329,4.0
1812802,5.0
2575943,4.0
919486,5.0
329358,5.0
208435,3.0
714070,4.0
1042614,4.0
1176119,4.0
419691,4.0
976385,4.0
2348784,4.0
2494579,3.0
1271049,4.0
753555,5.0
1233297,4.0
1601333,4.0
1364361,4.0
1085514,5.0
70483,4.0
1653141,5.0
200446,5.0
2075568,5.0
1640539,4.0
575455,5.0
2103176,5.0
2533261,5.0
2449881,5.0
714664,3.0
710178,5.0
1287046,4.0
893789,4.0
1502727,3.0
1801389,3.0
1072939,3.0
2103916,5.0
357192,2.0
2593340,3.0
2299517,4.0
487031,4.0
2152930,2.0
2475685,4.0
2152932,5.0
380854,4.0
179855,5.0
505109,2.0
1417315,5.0
2103314,3.0
123384,5.0
1519692,5.0
192889,4.0
2380312,3.0
1698418,2.0
382186,3.0
283650,5.0
720503,3.0
65883,2.0
1851629,4.0
1569585,5.0
1313905,4.0
1633863,5.0
713559,1.0
2354047,5.0
2491817,3.0
1421436,3.0
977413,2.0
2305014,4.0
2558558,4.0
2350212,4.0
1723291,3.0
2058571,5.0
461070,5.0
2532609,3.0
2115291,4.0
580210,5.0
1399335,3.0
154869,4.0
1985736,2.0
503235,3.0
218972,4.0
2242161,4.0
24704,3.0
1755011,3.0
110947,5.0
356911,3.0
2052789,4.0
1428788,4.0
714678,5.0
1509395,4.0
491531,4.0
334757,5.0
48915,4.0
1990316,4.0
608438,3.0
1927580,3.0
1526640,3.0
74480,4.0
1571232,5.0
2438241,3.0
634586,4.0
32229,4.0
710598,5.0
177103,3.0
75284,4.0
784283,3.0
484675,3.0
2224532,4.0
937212,3.0
1579262,4.0
90810,3.0
431625,5.0
2266937,2.0
908205,3.0
1436655,5.0
2441692,2.0
1772703,3.0
1077173,5.0
2522429,2.0
237738,5.0
237736,4.0
219481,4.0
1432549,3.0
450494,4.0
2447933,4.0
1932113,3.0
802786,4.0
1550961,5.0
2421781,2.0
156331,4.0
42487,5.0
947425,2.0
2415052,4.0
2159447,5.0
557723,5.0
2602922,5.0
2595753,3.0
80365,3.0
1778955,3.0
1811259,3.0
1454516,5.0
2462479,3.0
1814098,3.0
1342785,5.0
2515445,3.0
519744,3.0
2090850,3.0
2622843,4.0
419737,4.0
621003,4.0
1882941,4.0
867800,4.0
564026,4.0
1437925,2.0
1397082,3.0
955706,4.0
1562632,2.0
1771053,5.0
2582971,3.0
1831014,4.0
1930074,4.0
1119113,2.0
658645,4.0
1935937,5.0
719414,5.0
637929,4.0
1683284,4.0
600134,4.0
720744,5.0
502918,5.0
1133051,5.0
1974228,4.0
447386,4.0
151710,4.0
447437,3.0
2634028,4.0
1534564,5.0
1574148,4.0
363845,4.0
1979429,5.0
1192767,2.0
1920318,2.0
1318289,3.0
2639089,3.0
609891,4.0
2495459,3.0
188190,5.0
2274365,3.0
562542,4.0
556045,5.0
1916244,3.0
2335457,4.0
686940,5.0
2624195,3.0
345891,4.0
88959,4.0
2376301,4.0
2375307,4.0
1709795,2.0
953043,3.0
1602952,2.0
1313714,4.0
1939625,4.0
47021,4.0
1454357,3.0
1935793,5.0
1718096,4.0
970756,2.0
1498586,4.0
1019582,3.0
2140883,4.0
325617,3.0
2423467,5.0
639194,5.0
181364,4.0
2371791,5.0
929375,4.0
451699,4.0
2004797,4.0
776513,4.0
25049,5.0
218097,5.0
486798,4.0
2205547,3.0
1160024,4.0
869229,4.0
2502315,2.0
1020646,3.0
1255703,4.0
877394,2.0
1366847,3.0
2064227,5.0
2181770,3.0
150597,3.0
1199011,3.0
376153,4.0
333168,5.0
512899,5.0
105029,5.0
245808,3.0
1693581,4.0
535720,3.0
2516525,5.0
2264014,5.0
1965898,3.0
240121,3.0
257382,5.0
1482775,3.0
1422346,5.0
2364062,4.0
2352804,3.0
1852513,4.0
883797,3.0
1267229,5.0
1101518,5.0
1675914,4.0
2453729,3.0
697240,3.0
1242367,1.0
1500112,4.0
365996,4.0
1955609,5.0
856170,3.0
501823,5.0
555349,2.0
2564111,3.0
49890,5.0
790505,4.0
152669,4.0
46842,4.0
1552833,4.0
1104589,4.0
125392,4.0
1781852,1.0
2344089,5.0
596267,4.0
1001928,3.0
2186742,3.0
2640816,4.0
2436032,3.0
808435,3.0
1054137,3.0
327249,3.0
1048906,4.0
674346,3.0
1650301,2.0
36828,5.0
2206777,4.0
1189286,5.0
908401,4.0
1008759,5.0
387701,4.0
478518,4.0
2470582,3.0
122019,3.0
2413875,3.0
1933961,5.0
1290937,3.0
1658355,4.0
2327718,3.0
1868400,3.0
2135531,4.0
2254751,5.0
2014479,4.0
1150125,1.0
18091,5.0
285174,4.0
2083166,3.0
2126733,4.0
619048,4.0
1110479,4.0
2325413,3.0
1535772,4.0
2607782,4.0
1067761,4.0
693712,5.0
233197,1.0
1161968,4.0
2056864,5.0
699743,4.0
724224,4.0
637481,5.0
2255880,3.0
382960,5.0
909308,4.0
179872,3.0
2494808,5.0
326356,4.0
2442131,3.0
1256810,3.0
2173185,5.0
759492,5.0
2630042,5.0
1408449,2.0
1045614,2.0
1362770,3.0
395747,4.0
982580,5.0
2465236,5.0
268872,3.0
1947662,3.0
2430257,5.0
2430251,4.0
1785367,3.0
1930688,4.0
2076055,4.0
2330565,4.0
2144081,4.0
1215287,4.0
2559157,5.0
1612505,4.0
1622554,4.0
1358681,4.0
379901,4.0
1823259,4.0
2121810,1.0
901684,5.0
2137371,3.0
2378918,4.0
1677216,4.0
1447641,1.0
896338,3.0
240801,3.0
1340264,3.0
2213300,4.0
928181,4.0
1690353,4.0
650911,4.0
2330618,5.0
813056,4.0
1622338,4.0
1217751,4.0
1092918,3.0
2444932,3.0
1008039,5.0
2442796,4.0
1784017,4.0
1741802,5.0
2304924,4.0
2301000,5.0
28932,4.0
1769904,4.0
2246159,4.0
1415249,5.0
1014240,4.0
1623687,3.0
199008,4.0
1765217,1.0
2194079,5.0
2149919,3.0
467596,5.0
1220170,3.0
348723,3.0
172720,3.0
2459822,3.0
2260540,3.0
309400,3.0
1559187,4.0
530195,2.0
909134,4.0
870288,3.0
2444240,4.0
2337348,5.0
691808,5.0
2039738,4.0
819822,3.0
602147,5.0
2105068,2.0
951578,5.0
320177,4.0
203385,4.0
1521233,5.0
558323,3.0
1172249,4.0
1955169,3.0
1459851,5.0
1749925,5.0
956401,5.0
1702408,5.0
314759,3.0
2294267,4.0
2497163,4.0
1746477,4.0
392651,3.0
2277814,2.0
2365059,5.0
679327,2.0
1776644,4.0
2187377,4.0
2622866,4.0
618234,3.0
963009,5.0
1866094,4.0
367344,1.0
2010144,4.0
774088,4.0
1852234,4.0
1883039,5.0
928744,5.0
41371,4.0
1933224,3.0
2003798,3.0
1260001,4.0
1760487,4.0
2197203,3.0
1767457,1.0
1442154,2.0
1918987,4.0
2018137,2.0
2326770,3.0
701615,4.0
299165,4.0
96987,4.0
2516844,3.0
37188,4.0
37186,3.0
2085266,4.0
569200,4.0
41153,3.0
1981621,4.0
551984,3.0
604671,3.0
1107022,4.0
83150,4.0
1541724,4.0
2401493,4.0
1599837,3.0
1970298,3.0
607897,5.0
1242585,4.0
1208894,5.0
526961,4.0
15586,4.0
2188580,4.0
1315654,3.0
751725,5.0
2436832,3.0
1237167,4.0
2019266,4.0
13868,4.0
731876,4.0
2072580,4.0
634280,5.0
1523159,4.0
1299822,5.0
2011458,3.0
1640067,4.0
848297,3.0
1498074,4.0
886674,5.0
91234,2.0
858574,3.0
1479308,3.0
1979843,5.0
1426939,5.0
1448620,4.0
1850490,3.0
750677,4.0
2038701,3.0
2226510,3.0
544521,3.0
2282041,5.0
1072585,5.0
2157973,3.0
2358095,3.0
2528558,4.0
1271812,4.0
1100798,3.0
1965638,4.0
1230594,2.0
406464,4.0
365625,3.0
1875331,4.0
1199658,4.0
1558912,3.0
482302,3.0
726472,3.0
1907649,4.0
673187,5.0
1629169,4.0
1047368,4.0
100582,3.0
740449,3.0
520286,3.0
297742,3.0
675700,3.0
2237957,5.0
2237950,4.0
2326975,2.0
1771516,4.0
1771513,3.0
250159,4.0
1672014,3.0
1359016,4.0
498648,4.0
1492086,3.0
998620,4.0
1951900,5.0
1456837,3.0
1821339,5.0
2543780,4.0
505455,5.0
75894,5.0
1874317,4.0
2591337,5.0
1262327,5.0
923298,3.0
87851,4.0
305727,5.0
1626367,3.0
1432474,4.0
2283870,3.0
887118,4.0
765633,5.0
2107905,4.0
2025682,5.0
198698,3.0
760573,4.0
453782,3.0
1387385,1.0
1523710,4.0
1342357,4.0
2395020,5.0
2599262,5.0
299370,3.0
470999,4.0
668693,4.0
1901897,4.0
2618354,3.0
1180319,4.0
1103178,4.0
1387650,4.0
112913,3.0
248904,3.0
1804527,4.0
785166,4.0
1914525,3.0
360830,4.0
1087649,3.0
601147,4.0
1184122,3.0
2178729,2.0
2527932,3.0
2533227,4.0
1610929,3.0
2608903,4.0
2389729,4.0
805504,3.0
1801343,3.0
1670329,4.0
1925397,3.0
1019815,4.0
325700,3.0
2593657,3.0
1961694,5.0
2512828,3.0
1540779,3.0
636262,1.0
693771,2.0
511539,3.0
1863477,5.0
517794,4.0
1729889,3.0
789408,3.0
1166446,2.0
407037,2.0
1576939,4.0
2114851,4.0
209494,5.0
1580917,4.0
2537039,3.0
2137572,4.0
1259374,3.0
1197388,3.0
896534,5.0
2241897,3.0
1748882,1.0
1871337,5.0
66540,3.0
319058,4.0
1940143,5.0
1144139,3.0
1532167,4.0
1834097,4.0
2347743,3.0
881031,3.0
1498624,4.0
1241107,4.0
368756,4.0
2051003,3.0
507603,3.0
2589619,5.0
1033815,3.0
1206948,4.0
2214921,5.0
521074,4.0
777074,4.0
2247335,5.0
1459686,5.0
2347526,3.0
818752,4.0
1181037,4.0
282567,3.0
1709615,5.0
2089577,4.0
1218545,4.0
2495881,4.0
104237,5.0
1078536,4.0
1963576,3.0
2430181,3.0
1943141,5.0
593770,5.0
1127019,5.0
1010499,4.0
1571270,2.0
1482187,4.0
7369,5.0
222518,3.0
2356622,3.0
1830265,4.0
1472203,4.0
660871,3.0
2012180,4.0
499856,2.0
382234,4.0
830370,4.0
450731,5.0
2073799,3.0
239706,3.0
2382189,3.0
61274,5.0
303948,4.0
181666,4.0
1559165,5.0
195059,5.0
2185396,4.0
251613,4.0
1408227,4.0
838969,3.0
2439005,4.0
1225150,3.0
1742759,3.0
290215,3.0
204033,3.0
850135,4.0
2534006,4.0
1645937,2.0
1945014,4.0
741709,4.0
1058783,3.0
1838912,3.0
1886247,4.0
1224237,5.0
2024417,3.0
548966,5.0
965779,4.0
2013162,5.0
969643,4.0
532308,5.0
748141,4.0
665967,4.0
368113,1.0
58485,3.0
1460132,5.0
2124416,4.0
636381,1.0
1213386,3.0
1615982,5.0
1750455,4.0
543225,5.0
1361614,3.0
1620927,4.0
41317,2.0
901167,3.0
1938201,4.0
1832023,3.0
438035,5.0
2498592,4.0
1647356,3.0
1099072,4.0
2500738,5.0
1547701,5.0
2057529,3.0
1423063,4.0
1982465,4.0
2253868,3.0
1494268,4.0
2398075,2.0
2098373,4.0
2494105,5.0
2460659,5.0
775020,5.0
2628869,4.0
1400154,2.0
174760,3.0
1684494,3.0
1018916,4.0
837258,4.0
864172,4.0
411290,5.0
2021115,5.0
1934002,2.0
1888537,4.0
111002,4.0
2195910,4.0
1896997,4.0
2019240,2.0
2559507,4.0
1027719,5.0
176896,4.0
1944859,4.0
686986,3.0
2464081,5.0
1606148,4.0
2367301,4.0
299557,5.0
5652,3.0
1666805,3.0
2406078,3.0
1681382,5.0
1318179,4.0
976668,4.0
1685548,3.0
803596,4.0
218704,2.0
824157,4.0
2051278,4.0
1279828,4.0
1214382,5.0
1315701,4.0
1684232,4.0
1983938,4.0
2601566,4.0
2426984,4.0
1302865,5.0
792568,5.0
434041,2.0
2142915,5.0
2253616,4.0
855377,5.0
1210717,4.0
2086901,4.0
1905321,4.0
2279229,4.0
2463683,1.0
92161,2.0
789894,3.0
2502351,5.0
1413914,4.0
2059274,2.0
1949010,5.0
1341444,4.0
225972,3.0
2382660,5.0
1200256,5.0
769538,3.0
2430041,4.0
2127108,3.0
273626,4.0
1325077,1.0
1633691,3.0
1132253,5.0
389400,4.0
2026015,5.0
1894049,4.0
282489,4.0
2055388,5.0
1470123,1.0
2438541,4.0
1427953,4.0
2608375,5.0
883196,4.0
2439493,1.0
25209,3.0
2212841,3.0
1723934,3.0
1175759,3.0
312793,5.0
580426,3.0
2141793,2.0
1104218,3.0
945815,4.0
2260738,4.0
1143687,1.0
1872926,3.0
873299,4.0
2143797,5.0
690837,3.0
1800224,5.0
1001477,5.0
167227,4.0
2279919,5.0
1598488,3.0
256660,4.0
856131,4.0
196814,3.0
97530,5.0
443695,3.0
1999275,2.0
1474480,2.0
994466,4.0
1056998,5.0
445227,5.0
884183,3.0
926173,4.0
1730957,2.0
2168437,4.0
846266,2.0
1184498,4.0
2486685,5.0
1901563,4.0
2070028,3.0
2631788,5.0
1183642,4.0
1899288,4.0
256278,5.0
530789,5.0
850091,4.0
586861,4.0
1142880,4.0
1353339,4.0
1925002,3.0
1461647,4.0
891093,3.0
451096,4.0
2026792,4.0
2236896,3.0
2223113,3.0
1878498,2.0
727242,2.0
278882,4.0
1300687,3.0
1614939,4.0
2527484,5.0
1699239,4.0
1747954,5.0
2637760,4.0
459772,3.0
1105029,5.0
1905715,3.0
194528,3.0
1356861,4.0
1411665,4.0
1387677,4.0
1400300,1.0
795341,3.0
960627,3.0
1222253,5.0
272845,5.0
841955,5.0
1561406,4.0
295321,5.0
1427380,5.0
892545,2.0
1443989,3.0
1314263,2.0
1268424,3.0
2308200,2.0
257630,3.0
1884698,4.0
123097,5.0
1938019,5.0
982098,4.0
1781102,4.0
2055550,4.0
1088556,5.0
1443679,5.0
1525051,5.0
1389451,2.0
862759,3.0
1214424,2.0
1723583,4.0
1095791,3.0
1038264,5.0
2409913,4.0
786026,5.0
603217,4.0
114393,4.0
2577383,2.0
442322,2.0
1203445,3.0
2014569,5.0
1295803,4.0
2114723,4.0
2380973,5.0
576590,5.0
2577654,5.0
1723056,4.0
2491569,4.0
2375280,2.0
2072798,4.0
2089599,1.0
1710493,5.0
1198226,4.0
2462819,4.0
2576833,5.0
803605,5.0
11267,5.0
2438246,3.0
573211,5.0
1428452,4.0
2238060,5.0
570886,5.0
127579,5.0
1056435,5.0
1820746,4.0
1903907,5.0
2230286,4.0
2264426,3.0
2239625,5.0
224944,5.0
592445,2.0
1672449,5.0
1113933,4.0
1722187,5.0
217609,5.0
2191172,4.0
2646347,2.0
1316130,4.0
2439795,5.0
784776,5.0
306736,3.0
2295963,2.0
2261631,3.0
2449001,5.0
270692,5.0
817339,4.0
1790903,4.0
2502016,5.0
74533,4.0
972792,3.0
1404191,4.0
1403217,2.0
1139937,5.0
1314869,3.0
1002249,4.0
682963,4.0
1076062,3.0
165838,4.0
2191797,4.0
2227822,4.0
1294445,4.0
2134762,4.0
708047,5.0
938764,5.0
563019,5.0
182203,1.0
1023101,4.0
173930,4.0
1925926,3.0
1861500,3.0
2444204,3.0
1151711,5.0
1993723,3.0
9734,4.0
1038880,3.0
2435658,3.0
249977,3.0
1117136,4.0
2603059,5.0
1786348,5.0
3458,4.0
1555169,3.0
1757382,3.0
626786,4.0
481049,3.0
2073760,4.0
271128,5.0
1096219,4.0
2291263,5.0
1523524,5.0
1015473,5.0
1283042,5.0
1704729,3.0
1844586,5.0
1654947,4.0
1980663,3.0
2426088,1.0
2086214,4.0
1017702,4.0
2162249,4.0
2514777,3.0
415641,4.0
2537083,4.0
953273,4.0
1580032,5.0
611315,3.0
864196,3.0
2204091,5.0
824828,5.0
540778,4.0
2367323,4.0
575680,4.0
2229023,5.0
1517470,4.0
1517471,4.0
332471,3.0
2376413,5.0
1890744,3.0
1274275,5.0
2001615,4.0
213863,1.0
2113985,4.0
867311,5.0
40240,5.0
347093,4.0
324754,4.0
503480,5.0
1674931,3.0
2035595,1.0
104721,5.0
1807224,3.0
2226559,4.0
738080,4.0
1972757,4.0
535510,5.0
751091,3.0
1760995,4.0
206564,4.0
638564,4.0
105942,4.0
2085241,2.0
2351402,4.0
2432559,4.0
2501391,5.0
263291,3.0
2114069,5.0
1733406,3.0
2276002,2.0
2624029,4.0
770230,4.0
2420257,4.0
1122757,4.0
1344143,4.0
397815,4.0
1649582,2.0
1112212,4.0
110081,5.0
1893596,4.0
2228042,4.0
1719780,4.0
1055289,3.0
2259960,5.0
508379,5.0
921783,4.0
1273190,4.0
2294328,3.0
2227307,2.0
2416706,3.0
2000256,3.0
391645,4.0
75327,3.0
1753638,5.0
838773,4.0
24801,5.0
485283,3.0
2469479,4.0
669380,3.0
653174,4.0
2032980,4.0
2564428,5.0
1333494,3.0
1198962,4.0
459972,3.0
1937486,2.0
396140,3.0
2269100,4.0
1973594,5.0
11456,4.0
1368707,4.0
1842511,5.0
3595,2.0
3694,3.0
1985320,4.0
1286972,5.0
1822498,5.0
1195319,5.0
578311,4.0
106336,4.0
756979,3.0
882539,2.0
337186,2.0
942668,4.0
2492323,4.0
2267567,3.0
1922670,3.0
2482384,4.0
2368915,4.0
1678489,5.0
2266166,1.0
2365208,5.0
427072,4.0
1556118,4.0
1887456,3.0
1987569,4.0
1216278,3.0
2061495,4.0
2612889,1.0
802979,4.0
1897742,3.0
218261,3.0
2002671,3.0
2061499,3.0
1967029,3.0
2249361,5.0
345793,5.0
1740928,3.0
1738284,3.0
2220846,4.0
481700,4.0
654341,3.0
2159363,3.0
216716,3.0
1803311,5.0
2381784,4.0
1250802,4.0
1243711,4.0
248239,3.0
1213736,4.0
1166625,3.0
1088988,4.0
685687,3.0
2070559,2.0
1757328,3.0
2570628,4.0
2602396,1.0
626225,4.0
380236,4.0
847313,4.0
2067099,5.0
2010666,2.0
991810,4.0
49927,4.0
317494,4.0
2500360,4.0
1033930,5.0
2156074,3.0
1261528,5.0
546402,4.0
1159064,3.0
1517590,5.0
2251254,5.0
800781,3.0
1447766,5.0
863285,4.0
1204995,4.0
814483,4.0
2251259,5.0
931384,4.0
2391964,4.0
1952860,5.0
1525786,3.0
1720038,4.0
1242406,4.0
1720746,5.0
1244123,5.0
2009638,4.0
206954,3.0
238740,4.0
1655890,4.0
2514236,4.0
1364878,4.0
938447,3.0
1044034,2.0
760211,2.0
1214824,5.0
2444873,4.0
1046329,5.0
1231018,2.0
1258349,4.0
1462820,4.0
762414,4.0
1891979,5.0
188678,4.0
1123618,4.0
857880,4.0
952582,5.0
830007,4.0
1627613,4.0
1622063,3.0
1797765,4.0
2457153,3.0
2331635,4.0
410206,3.0
632738,5.0
2020775,3.0
1929109,5.0
1702603,3.0
2479712,3.0
2598485,4.0
1845976,3.0
959443,5.0
2432894,4.0
1693423,5.0
664443,4.0
535641,4.0
1339689,4.0
281959,4.0
1828179,3.0
1130461,5.0
785992,4.0
766680,5.0
2459229,4.0
1805778,2.0
376704,3.0
1585794,2.0
1202737,4.0
2166018,5.0
124942,5.0
250655,4.0
1449107,4.0
488628,5.0
829192,4.0
2084548,2.0
2313013,4.0
426005,3.0
1510826,2.0
166965,5.0
1275067,2.0
2597934,2.0
2408711,3.0
485949,5.0
1206290,3.0
1233627,4.0
2037342,4.0
1734572,3.0
1086213,4.0
2603700,4.0
3432,4.0
605128,3.0
2338855,4.0
4597,3.0
534593,5.0
636692,3.0
1547747,3.0
2211440,5.0
1178846,4.0
1779271,3.0
2151490,3.0
1191408,5.0
2619515,2.0
2300201,4.0
1176077,3.0
179118,1.0
2084891,2.0
1239815,2.0
1228066,4.0
11197,3.0
78523,3.0
2011258,3.0
960983,5.0
1813092,3.0
1580542,4.0
248393,5.0
259348,5.0
1234753,4.0
1731106,2.0
85915,4.0
2582249,3.0
1970183,1.0
823699,3.0
2357442,4.0
2030523,4.0
1835511,4.0
659592,4.0
803553,5.0
2434675,3.0
1641705,2.0
2329133,3.0
808549,5.0
415663,5.0
1688901,2.0
630691,2.0
446306,4.0
747997,1.0
1724905,1.0
696845,5.0
777750,3.0
8135,5.0
1785209,3.0
867192,5.0
630529,2.0
577201,5.0
934835,3.0
934389,4.0
1709466,3.0
2189299,5.0
1369962,3.0
446163,3.0
446160,3.0
1911520,3.0
1207990,5.0
1834137,4.0
1773207,5.0
1434713,4.0
703328,5.0
225934,3.0
256796,5.0
249288,5.0
588532,3.0
2141207,5.0
1496865,5.0
903378,3.0
1763197,1.0
979155,3.0
1039760,4.0
245884,4.0
2233293,4.0
2525542,5.0
2596078,5.0
2237249,3.0
1450484,3.0
1285692,4.0
666776,4.0
1037308,4.0
545639,3.0
1107448,4.0
172599,5.0
2392601,3.0
1822231,5.0
1214125,4.0
1078290,5.0
521825,5.0
408117,3.0
1438214,3.0
870960,4.0
484715,4.0
99939,1.0
999482,5.0
2132385,3.0
1971635,4.0
2132380,5.0
494492,4.0
11430,5.0
2421394,1.0
101692,4.0
2030201,4.0
97578,2.0
1906781,3.0
1909471,4.0
240669,3.0
754846,3.0
1494419,4.0
1822473,3.0
2163553,5.0
2135602,5.0
1679774,4.0
1908873,4.0
2535126,4.0
904803,5.0
2260267,3.0
1825875,5.0
2031463,4.0
1992646,2.0
349958,4.0
1430667,5.0
2210272,5.0
2325328,2.0
633256,3.0
1287752,3.0
16855,3.0
1416836,1.0
1682053,5.0
1013320,5.0
2385435,5.0
712609,5.0
1206353,4.0
1599243,5.0
6339,3.0
2220537,1.0
1416948,4.0
264391,5.0
1650294,4.0
2325499,3.0
574843,4.0
696309,5.0
1776165,3.0
722585,5.0
387633,3.0
504642,4.0
1787869,3.0
901269,4.0
534015,4.0
1296163,3.0
241395,4.0
125206,5.0
2523053,3.0
2523055,3.0
752197,5.0
1443417,4.0
1344268,5.0
786415,4.0
1049142,4.0
1966201,4.0
1114321,3.0
1344263,4.0
1961980,3.0
1831664,4.0
1336792,4.0
2031801,3.0
35996,3.0
217827,5.0
1547977,3.0
169085,3.0
1176711,4.0
1380424,4.0
1161256,4.0
924765,4.0
779635,4.0
1039481,4.0
2559488,3.0
858473,4.0
526043,5.0
2464456,3.0
230112,3.0
1947378,5.0
339252,4.0
111657,5.0
530860,4.0
2621201,4.0
2127868,4.0
1570161,4.0
1269330,5.0
47364,5.0
2636168,4.0
2559733,5.0
1611803,4.0
2554084,4.0
776235,5.0
379986,4.0
214730,5.0
2233596,4.0
1451140,4.0
1538418,5.0
1273545,5.0
866048,5.0
1991601,3.0
2141435,3.0
795816,3.0
524390,3.0
1155747,3.0
1951713,5.0
812769,4.0
1951711,3.0
509231,2.0
1979497,4.0
2295922,4.0
2557196,3.0
214593,5.0
1045053,3.0
1174659,4.0
1676526,5.0
1629608,5.0
852166,5.0
1288346,2.0
1788137,3.0
1227662,4.0
2184358,4.0
1335912,5.0
515436,1.0
1408938,2.0
117112,2.0
1971796,3.0
1419103,4.0
722006,2.0
2081757,4.0
402266,3.0
895935,3.0
1659075,3.0
309333,3.0
56371,4.0
1306642,5.0
2414164,4.0
298298,3.0
2419127,3.0
221809,4.0
1973244,5.0
335938,4.0
424286,4.0
1308778,4.0
1645377,4.0
1224299,4.0
2347324,4.0
1235649,4.0
654997,4.0
500526,3.0
124961,3.0
307427,3.0
2605725,3.0
874253,5.0
2267735,1.0
2152292,3.0
2317063,4.0
703585,5.0
1275089,5.0
2105602,3.0
2599148,4.0
554529,5.0
2621846,4.0
2300041,3.0
2096352,2.0
1988679,2.0
558413,3.0
70050,3.0
2037092,4.0
108965,3.0
568199,5.0
1306646,4.0
1534677,3.0
1367218,3.0
470050,3.0
879594,5.0
2570122,4.0
573077,4.0
2128219,3.0
753107,4.0
1901318,3.0
38861,3.0
2299121,3.0
2295321,4.0
704058,5.0
2530235,4.0
2050743,4.0
2390595,3.0
1790259,3.0
2178153,4.0
2367811,3.0
1969216,5.0
2582512,3.0
1995860,3.0
17462,4.0
1240130,5.0
2593402,5.0
1291718,3.0
2393719,4.0
1425899,4.0
2280067,5.0
395606,3.0
1854220,4.0
576990,1.0
2589332,4.0
1530995,4.0
173260,5.0
136477,3.0
1293655,4.0
1858056,2.0
552107,3.0
8117,4.0
676190,4.0
92453,4.0
1443200,3.0
2453830,4.0
378352,3.0
180653,3.0
1120627,5.0
1362091,3.0
1122711,3.0
588953,4.0
1731527,5.0
1055714,5.0
561754,5.0
1703680,3.0
144265,5.0
1617721,4.0
1359724,2.0
1688507,2.0
2141223,3.0
2062455,4.0
449632,4.0
2282510,2.0
212332,3.0
2485642,5.0
1245467,3.0
815238,2.0
2020385,2.0
2140939,2.0
784305,2.0
2142951,5.0
2600674,4.0
2605003,4.0
1791615,3.0
2314419,3.0
2141089,5.0
2041854,5.0
1931033,4.0
414243,5.0
2118126,3.0
414246,4.0
1789430,3.0
294944,4.0
170551,1.0
1226270,4.0
294948,5.0
952156,4.0
1018303,3.0
1589111,5.0
2110321,5.0
2463846,3.0
2142898,4.0
1004390,4.0
442456,1.0
110332,4.0
1478291,5.0
167714,4.0
921528,3.0
1231207,4.0
2431737,4.0
1774623,4.0
1632184,5.0
2517361,5.0
1984187,3.0
1187267,3.0
2507981,5.0
1607300,5.0
2528332,5.0
51666,5.0
1307703,5.0
2142754,5.0
956814,3.0
1307258,3.0
2611530,3.0
1729476,5.0
87206,1.0
2065042,3.0
240054,5.0
186973,5.0
128254,4.0
1860332,4.0
135658,3.0
652826,3.0
669915,4.0
824655,5.0
780481,4.0
2059949,4.0
2220732,1.0
1757773,4.0
303643,5.0
2128971,4.0
454519,3.0
2046079,2.0
883521,3.0
1952604,4.0
1995099,3.0
271840,3.0
2010768,4.0
1221897,4.0
1327727,4.0
943314,5.0
514262,3.0
2165012,4.0
197897,5.0
2101139,3.0
797705,4.0
274365,3.0
836441,4.0
29236,2.0
1631082,3.0
2147714,2.0
1848988,5.0
1515430,4.0
1678992,3.0
1610435,3.0
2312045,2.0
535385,4.0
1484174,3.0
1977554,4.0
1489460,4.0
115682,3.0
1268195,5.0
1171251,3.0
571332,5.0
1674731,3.0
408536,4.0
2633375,5.0
219174,4.0
2326656,3.0
38464,3.0
2594528,1.0
596133,3.0
1966227,4.0
84213,5.0
1380222,3.0
1633009,3.0
867275,4.0
1711710,5.0
2643638,5.0
804364,2.0
335395,3.0
1574068,5.0
1543240,4.0
1534444,4.0
2358564,2.0
1212427,4.0
2177092,4.0
2077168,5.0
2474555,4.0
892304,4.0
1170779,5.0
628395,2.0
1640722,4.0
38244,4.0
823557,3.0
612666,3.0
2621229,5.0
1226040,3.0
204504,5.0
1895259,3.0
1479719,4.0
1121725,4.0
183516,4.0
1181703,5.0
282073,5.0
966890,4.0
2292140,5.0
2372924,3.0
47344,4.0
662124,4.0
1592922,5.0
155115,4.0
2600868,3.0
1150846,4.0
2569992,4.0
27746,4.0
1879449,5.0
129853,4.0
417746,4.0
1929361,1.0
2443244,5.0
1033982,4.0
509213,4.0
2219361,3.0
2624474,3.0
2413088,4.0
504624,4.0
2473781,4.0
259497,5.0
1462866,3.0
1408129,3.0
2359778,4.0
959401,5.0
520817,3.0
1722344,4.0
1845249,1.0
2528291,3.0
255879,3.0
1762633,4.0
2549238,4.0
2230222,3.0
221776,5.0
880348,5.0
2234279,4.0
1301945,5.0
2617709,3.0
1916193,4.0
998236,5.0
1778991,5.0
1805888,3.0
2238956,3.0
909663,5.0
1265920,4.0
697365,3.0
1216429,5.0
1643961,3.0
493487,2.0
2417983,3.0
717972,4.0
205438,4.0
1392053,3.0
13528,5.0
1500388,1.0
2787,5.0
2043374,4.0
2485580,3.0
1651997,4.0
1853781,3.0
1333708,4.0
57047,4.0
1466569,3.0
290874,3.0
1327112,5.0
1078800,4.0
1595004,4.0
2148452,4.0
2001263,4.0
1196799,5.0
2405684,3.0
1091775,3.0
2080602,5.0
871138,5.0
254048,3.0
2366877,3.0
148550,5.0
1081076,4.0
1579205,3.0
1818083,4.0
675407,4.0
1449509,5.0
1691554,2.0
301466,3.0
1797262,5.0
2402504,4.0
44078,1.0
727412,3.0
2530252,2.0
910556,5.0
1615638,2.0
198559,3.0
2258927,3.0
1863511,5.0
2515047,5.0
360287,4.0
2630722,3.0
2076174,1.0
2251831,3.0
191869,5.0
2526431,3.0
789014,3.0
1880468,3.0
447349,5.0
174783,4.0
288256,5.0
955922,3.0
2490513,4.0
72607,2.0
2548453,5.0
194631,2.0
1460776,2.0
1497891,4.0
2150155,3.0
541406,3.0
2452476,5.0
2550095,4.0
1822560,4.0
2606130,4.0
1964100,4.0
1931870,5.0
1299887,5.0
1910165,2.0
711569,4.0
88805,3.0
229439,5.0
127676,2.0
111338,4.0
977733,5.0
373103,5.0
1831368,3.0
1325749,5.0
92786,4.0
2375962,3.0
1085175,4.0
1875139,3.0
862057,4.0
503356,4.0
2472066,4.0
1065445,2.0
1179117,3.0
2204903,5.0
505210,4.0
1202962,2.0
1510726,4.0
2043617,4.0
2028530,4.0
2424317,4.0
1094034,5.0
1722590,5.0
1040924,5.0
1229977,3.0
958634,5.0
925404,4.0
1288000,4.0
2048881,3.0
2627248,4.0
1511683,1.0
327179,4.0
1511136,5.0
1960849,3.0
504298,4.0
2006469,3.0
1772954,5.0
829614,3.0
51606,3.0
2180318,3.0
543648,4.0
52004,4.0
1107588,2.0
1266206,4.0
1550359,4.0
2078245,5.0
657543,3.0
509009,3.0
657547,4.0
2297136,1.0
262633,3.0
357507,4.0
707012,5.0
196091,4.0
196090,5.0
46003,3.0
1341553,1.0
1274584,4.0
328646,1.0
57186,4.0
182875,5.0
2420083,4.0
1123549,4.0
2466473,4.0
1048586,5.0
1782189,5.0
46846,3.0
2101150,3.0
198496,5.0
786982,4.0
2452906,5.0
2141954,4.0
187538,4.0
2288257,4.0
219232,5.0
2362548,5.0
2328783,4.0
1507017,5.0
884907,3.0
2291306,3.0
2152465,3.0
86567,5.0
958382,4.0
1265131,4.0
1918316,3.0
426942,5.0
1021356,3.0
2407208,5.0
1085991,3.0
217838,5.0
1229372,4.0
556534,3.0
1574597,4.0
2220576,5.0
2115962,5.0
2228763,5.0
316527,4.0
2243962,5.0
2102685,3.0
2561618,5.0
315874,4.0
197070,2.0
2380603,3.0
2162560,3.0
1793777,4.0
837774,3.0
2200718,4.0
2218471,5.0
723276,3.0
2631584,2.0
1389180,4.0
1136626,4.0
1814136,4.0
268529,3.0
2187693,5.0
2629234,2.0
2071267,4.0
2072858,5.0
1044050,4.0
625067,5.0
1568774,1.0
369036,4.0
2550423,4.0
2083745,4.0
2011000,4.0
695590,3.0
234399,5.0
599480,4.0
343712,4.0
2234943,2.0
2332058,4.0
2413471,3.0
83720,3.0
1114362,4.0
1617448,5.0
1023847,5.0
2078967,4.0
188613,4.0
1514886,5.0
288956,3.0
1638678,5.0
2054241,5.0
1502539,3.0
311711,4.0
1637265,5.0
1920218,4.0
651531,4.0
2491076,5.0
1030431,4.0
1037424,5.0
504600,4.0
314385,4.0
425045,5.0
1984086,3.0
1689683,3.0
276617,3.0
1341301,2.0
1799495,3.0
933207,4.0
2509044,5.0
1320959,4.0
1692674,5.0
664790,5.0
1250231,5.0
1197233,2.0
2279052,5.0
676812,4.0
2062552,3.0
2062550,4.0
1377637,4.0
1018174,2.0
1262145,4.0
576723,4.0
458497,5.0
1857067,4.0
10971,5.0
1909606,3.0
2318245,3.0
1846681,4.0
227821,4.0
956939,4.0
1456333,4.0
1722103,4.0
1399249,5.0
1999176,4.0
128595,5.0
1622407,5.0
690426,4.0
1796072,5.0
1718022,3.0
1505884,5.0
315268,4.0
1994249,4.0
1521769,3.0
2216322,4.0
2245937,5.0
1954342,4.0
1954341,4.0
387916,4.0
1468951,5.0
2339129,5.0
1703573,4.0
1654496,2.0
1899679,5.0
1368466,5.0
2214251,3.0
716649,5.0
508609,4.0
2214254,5.0
547570,3.0
646427,3.0
1263404,5.0
741056,2.0
1853765,5.0
1466382,4.0
1466434,4.0
153237,5.0
1328158,4.0
268739,4.0
287901,4.0
1024189,4.0
2013726,4.0
337827,3.0
2341756,3.0
1801164,5.0
2018977,4.0
1426829,4.0
2252978,4.0
1933151,4.0
363609,5.0
2337212,4.0
20392,5.0
2152782,5.0
718566,3.0
1114191,1.0
467230,2.0
1071510,3.0
379720,3.0
1862911,4.0
1228535,4.0
1730699,5.0
647174,4.0
993395,3.0
986794,3.0
1701081,2.0
1189371,5.0
2072811,4.0
1738784,5.0
178266,3.0
2526414,3.0
2573432,4.0
2087075,4.0
583554,3.0
64594,1.0
1049643,3.0
2274035,5.0
636451,2.0
78014,3.0
1491873,5.0
257710,4.0
1491877,5.0
437371,4.0
1617382,1.0
50718,4.0
555886,4.0
1557013,5.0
868467,4.0
1278390,3.0
590984,4.0
2256454,4.0
1312570,3.0
1930329,3.0
1443495,3.0
2504492,5.0
811357,3.0
1985631,4.0
67976,5.0
1240319,3.0
1903518,4.0
1394217,2.0
1173126,2.0
2541025,1.0
792583,4.0
815277,5.0
2324287,4.0
2291746,5.0
961346,4.0
843269,5.0
2313765,3.0
524672,4.0
2491620,3.0
1214181,4.0
2268573,3.0
665653,3.0
2424335,3.0
2231719,3.0
89152,5.0
625727,5.0
107840,3.0
994370,2.0
2353991,3.0
2524708,3.0
1704775,4.0
447930,4.0
2610157,3.0
2285492,2.0
357690,5.0
795448,4.0
155273,4.0
1769985,5.0
1518291,5.0
675450,5.0
2500070,4.0
1398256,4.0
1752638,5.0
2157035,5.0
2042548,3.0
276860,3.0
1116129,2.0
2382710,5.0
639533,3.0
873230,5.0
2111672,1.0
755482,5.0
929756,4.0
193557,3.0
937847,4.0
270428,5.0
1289999,3.0
1957874,3.0
93908,5.0
1775284,4.0
2276333,3.0
1289990,5.0
836150,3.0
182541,4.0
247794,4.0
410076,5.0
2173854,4.0
166041,4.0
831103,5.0
1317671,3.0
1460924,3.0
1930208,5.0
1266882,4.0
376204,4.0
1624471,3.0
23427,5.0
1421858,3.0
2374451,4.0
23421,4.0
2521051,5.0
829721,3.0
2266655,4.0
2400443,4.0
1932946,5.0
1621175,3.0
2254919,3.0
1924377,3.0
1683746,5.0
329572,4.0
1848148,3.0
2252362,5.0
609512,4.0
2554745,3.0
1090853,3.0
1202209,5.0
690754,4.0
1435891,4.0
1713333,3.0
2345334,4.0
716874,5.0
190237,2.0
1630031,4.0
291972,5.0
1405029,5.0
1817781,4.0
40307,5.0
920088,3.0
2544203,3.0
840510,4.0
2196366,5.0
650647,5.0
1503647,3.0
1656130,4.0
798296,4.0
1094019,4.0
2120864,5.0
411396,3.0
902738,4.0
252548,5.0
1363515,5.0
2208806,4.0
2150689,2.0
2367755,3.0
288420,2.0
38284,4.0
2229364,5.0
2316419,3.0
1268483,5.0
2534832,3.0
1479207,4.0
1084108,2.0
1381280,2.0
218626,1.0
347605,4.0
1876574,5.0
1930665,4.0
1266793,5.0
2513893,3.0
1060393,4.0
1536328,3.0
1056494,2.0
1564095,3.0
741248,5.0
129890,5.0
2495043,5.0
1215114,2.0
1066611,4.0
2496892,4.0
394344,5.0
1916224,5.0
983534,3.0
1735921,4.0
1735922,5.0
2163718,3.0
2453096,4.0
221406,5.0
1836907,3.0
1608500,5.0
2238629,3.0
1458266,3.0
373316,3.0
1154507,4.0
1537052,5.0
84811,3.0
2347696,4.0
2141105,4.0
1623333,5.0
308843,4.0
2131536,2.0
1907661,3.0
1409829,4.0
1676495,4.0
1753201,4.0
1607555,5.0
1907667,4.0
500016,4.0
158590,4.0
2503691,5.0
2023518,4.0
199023,4.0
2444804,3.0
515459,4.0
201579,4.0
1131860,4.0
1741931,3.0
386510,4.0
923517,5.0
1948155,1.0
1528628,5.0
190547,3.0
54671,5.0
1654478,4.0
1512466,4.0
709905,4.0
199795,3.0
755344,4.0
292698,4.0
1291455,2.0
671446,1.0
671440,3.0
968055,3.0
368876,2.0
747102,4.0
1263133,4.0
309713,4.0
1833629,5.0
2418109,2.0
874817,3.0
328293,4.0
2179375,4.0
2604430,5.0
2385534,4.0
1274826,5.0
1461994,4.0
1776884,3.0
139852,1.0
210185,3.0
827422,5.0
1730369,4.0
2153906,5.0
1992341,4.0
1158291,5.0
272946,4.0
1792303,2.0
2602874,3.0
270890,5.0
879753,3.0
355869,3.0
290342,3.0
213980,4.0
1559566,2.0
1750544,4.0
2405574,4.0
676587,3.0
1605780,2.0
333828,4.0
18426,3.0
659156,4.0
2634822,4.0
756299,3.0
1844527,5.0
1620258,3.0
566628,3.0
15613,3.0
1417279,3.0
2398656,5.0
2570720,4.0
1959868,4.0
2394142,3.0
630611,5.0
1978543,3.0
1376350,4.0
1279398,3.0
1373951,5.0
1213475,3.0
2349595,5.0
1166090,4.0
1244810,4.0
537515,3.0
939439,4.0
255357,4.0
584078,3.0
2129103,4.0
543515,1.0
2087093,2.0
1485054,4.0
229617,3.0
1674237,4.0
1626426,3.0
2086584,5.0
2091892,4.0
2383871,5.0
1574365,2.0
14690,4.0
1765712,4.0
899444,4.0
1668888,3.0
1144568,4.0
876627,4.0
2566515,4.0
1720154,4.0
1791019,4.0
1555785,5.0
1402226,4.0
1806731,3.0
2203244,2.0
40448,5.0
1059828,5.0
1206843,3.0
2541550,5.0
465518,4.0
2269020,4.0
1236186,3.0
1246659,4.0
524619,3.0
2644847,4.0
1486501,4.0
287439,4.0
361375,3.0
2457095,4.0
1526703,4.0
2628225,5.0
1784150,4.0
730053,4.0
1488844,5.0
1553204,4.0
392939,4.0
19117,3.0
1619514,5.0
925446,4.0
1900375,5.0
103619,4.0
1823645,4.0
378732,1.0
2007083,4.0
397212,4.0
1324871,1.0
490259,5.0
1718189,4.0
915466,5.0
1766309,1.0
2405379,5.0
1337293,3.0
594462,4.0
2379296,3.0
1667288,1.0
2576509,3.0
2417642,3.0
1894440,4.0
2572942,5.0
2111120,4.0
2576648,3.0
1815083,5.0
1632290,4.0
1438291,4.0
1676798,3.0
1666483,3.0
475487,5.0
10830,3.0
1842201,4.0
386254,4.0
2284862,3.0
2035099,4.0
187868,4.0
376047,4.0
2029858,4.0
2156420,4.0
485083,2.0
1185057,4.0
2081030,4.0
17184,4.0
17186,3.0
963471,4.0
922155,3.0
1908565,5.0
1756513,5.0
1753560,5.0
2083964,5.0
2388250,4.0
1600196,2.0
255033,3.0
1441549,4.0
1183685,4.0
919479,3.0
1076140,4.0
481416,4.0
698737,4.0
1833297,4.0
1528691,5.0
1832478,5.0
1252263,4.0
2477493,4.0
2032154,4.0
2333948,3.0
1379550,4.0
772891,2.0
2204444,4.0
2510739,5.0
966148,3.0
1363756,4.0
484048,4.0
1299769,4.0
202678,1.0
230265,4.0
1006156,4.0
1003438,4.0
961675,4.0
62753,4.0
1327342,3.0
964436,5.0
907760,3.0
14204,3.0
1363282,3.0
1318548,3.0
1222878,4.0
2263536,3.0
490882,4.0
1619822,5.0
1491667,4.0
1989144,5.0
83540,4.0
78758,3.0
1944201,3.0
1123324,2.0
1946462,4.0
2332012,4.0
1740297,3.0
1977824,5.0
1418477,4.0
652840,3.0
1147935,5.0
819338,5.0
2647764,2.0
385736,1.0
2044596,4.0
385882,5.0
1276913,4.0
136570,4.0
600216,3.0
1115050,3.0
496831,4.0
2450171,3.0
2451856,5.0
1794244,5.0
1616899,5.0
1981501,4.0
1685829,3.0
1470425,4.0
1366714,4.0
2468261,4.0
854949,3.0
2514291,3.0
2504570,4.0
863081,5.0
1648646,4.0
477502,3.0
2066458,3.0
1193242,4.0
44801,4.0
954301,5.0
209988,5.0
1865846,2.0
1323426,4.0
978613,4.0
845597,4.0
2525605,5.0
88188,4.0
2081204,3.0
2118282,4.0
2089770,4.0
994838,5.0
1107303,3.0
1385728,4.0
1088159,3.0
1927703,3.0
603543,3.0
1550140,5.0
208166,3.0
2503103,4.0
1990990,4.0
1551543,5.0
593397,2.0
2528057,4.0
736117,3.0
92970,4.0
912494,4.0
683254,4.0
1258602,3.0
1781641,4.0
1220353,1.0
31835,5.0
684917,5.0
1945838,4.0
2079496,3.0
2554977,5.0
1819620,3.0
928740,3.0
1528604,3.0
742766,3.0
973443,3.0
1787399,4.0
846325,4.0
1667618,2.0
1692798,4.0
2458229,5.0
2189871,4.0
1391691,5.0
1973715,4.0
649582,2.0
649585,3.0
101408,4.0
2267405,5.0
2361135,3.0
536793,2.0
1116080,3.0
2441762,2.0
1190383,4.0
27929,5.0
700478,4.0
227131,4.0
578676,4.0
2581218,4.0
1535537,5.0
185528,3.0
731462,2.0
2179353,4.0
918460,3.0
337860,5.0
1430658,4.0
535380,4.0
2500866,4.0
2500869,4.0
1252450,4.0
824577,5.0
2013584,4.0
654262,3.0
2312344,2.0
718211,2.0
290360,1.0
510519,3.0
2205104,3.0
1213676,3.0
1400206,5.0
982709,4.0
362994,4.0
1327422,4.0
1771252,2.0
865027,4.0
1234485,5.0
59178,4.0
1167477,3.0
2356870,5.0
860217,5.0
2254892,4.0
2271686,3.0
1625122,3.0
755231,1.0
2125459,4.0
1456579,5.0
1915754,5.0
2446939,3.0
1886114,3.0
1022631,4.0
347276,3.0
105982,3.0
2288889,5.0
426460,4.0
2316631,3.0
1986179,3.0
1574341,5.0
2336079,4.0
2407458,3.0
1345779,2.0
2037724,5.0
1910182,4.0
2218826,2.0
1534723,4.0
1744740,3.0
1065248,2.0
1215094,5.0
2401585,5.0
1864582,3.0
843048,5.0
1063838,5.0
1854193,3.0
2162641,3.0
1340811,4.0
945992,4.0
2267981,3.0
664230,4.0
1332214,4.0
8660,4.0
2499088,3.0
756559,4.0
2272654,3.0
2126215,4.0
2095686,4.0
486048,5.0
11325,4.0
1292217,5.0
2265729,3.0
1795192,5.0
990957,3.0
830766,3.0
372810,3.0
508852,4.0
2278086,3.0
2455503,1.0
1429069,3.0
2524741,3.0
1913696,3.0
1511623,4.0
372743,4.0
377334,3.0
2114283,5.0
420191,2.0
869468,2.0
2247941,3.0
1096946,4.0
643374,4.0
861532,3.0
1788836,5.0
1698260,5.0
1416729,5.0
16565,3.0
687235,2.0
1507886,4.0
1199523,2.0
1217497,4.0
792439,4.0
1298511,4.0
2648599,5.0
2468897,5.0
281851,5.0
2064172,3.0
2092244,5.0
235782,4.0
2209865,5.0
2225186,4.0
150461,3.0
2519902,3.0
818784,5.0
697045,4.0
816549,4.0
157357,4.0
2303680,4.0
1172980,5.0
2310998,4.0
2549156,4.0
781603,3.0
187591,4.0
1967868,4.0
1885830,4.0
1872329,3.0
489871,3.0
617134,5.0
336239,2.0
2083944,5.0
854398,3.0
1624124,4.0
1753012,4.0
508584,4.0
261348,3.0
341108,3.0
1810578,4.0
2345403,4.0
633722,4.0
1714902,3.0
2139785,4.0
1172180,2.0
418075,3.0
412017,2.0
1548363,2.0
2297843,3.0
412018,3.0
513632,1.0
2281214,3.0
2190898,4.0
179011,3.0
2619252,1.0
2340630,3.0
442813,3.0
147386,5.0
2242997,4.0
572937,5.0
785031,4.0
1098790,5.0
1035352,4.0
651142,4.0
1794615,4.0
963663,5.0
2299661,5.0
663345,4.0
1234014,4.0
357588,4.0
718913,4.0
1835142,3.0
752795,4.0
949177,3.0
1609831,4.0
1539730,1.0
2325743,5.0
2393981,3.0
352768,4.0
819314,4.0
660494,4.0
2254664,4.0
2329672,5.0
444085,5.0
1219730,3.0
79799,4.0
978983,3.0
284399,5.0
1890591,4.0
1473595,4.0
2165451,4.0
1176919,4.0
1335559,3.0
1002688,4.0
1369846,4.0
1044742,5.0
2435135,5.0
91979,2.0
1857885,4.0
1704067,4.0
2434527,4.0
1186431,5.0
982161,5.0
2504095,3.0
1201695,4.0
2232911,3.0
66109,5.0
1181784,4.0
1181787,5.0
1800320,4.0
1498519,5.0
2294883,4.0
789846,4.0
1884467,4.0
1061083,3.0
411843,3.0
383451,3.0
1787748,4.0
1802253,5.0
827805,4.0
1928019,3.0
1593655,3.0
2505243,4.0
1875786,5.0
760837,5.0
381346,3.0
2571895,5.0
877320,4.0
1339313,5.0
2509609,2.0
2238483,4.0
1371238,4.0
1257103,4.0
2065164,4.0
1866911,5.0
1322717,4.0
1190468,4.0
1582952,3.0
2362880,3.0
286397,2.0
96013,2.0
1609631,3.0
1379923,4.0
1368151,2.0
2130993,4.0
973313,3.0
1228534,4.0
1677588,3.0
254222,4.0
1984315,4.0
2538567,4.0
1151752,5.0
396567,5.0
1558304,4.0
2528078,3.0
2373624,3.0
227151,4.0
371923,4.0
1992121,3.0
1409555,5.0
1623735,4.0
2136927,5.0
710801,4.0
915168,5.0
2117999,3.0
1586924,4.0
2343380,5.0
1419259,4.0
1540360,3.0
1586929,4.0
992670,4.0
205302,4.0
801569,5.0
1393360,5.0
419599,5.0
2289469,4.0
1436780,4.0
1013177,3.0
1892050,3.0
478176,5.0
1330841,3.0
1102824,3.0
2169359,3.0
2646626,4.0
2611783,2.0
1112690,4.0
964622,5.0
964621,4.0
1466453,4.0
123400,1.0
1293986,5.0
1017411,3.0
1182697,4.0
2165686,3.0
2174287,3.0
517186,4.0
2102295,4.0
1329904,3.0
731057,5.0
2254872,4.0
2324019,4.0
1802414,3.0
2228441,4.0
421869,4.0
158785,4.0
1614320,4.0
51411,4.0
2153610,5.0
1938313,4.0
1182342,3.0
1961864,3.0
565083,3.0
381352,2.0
868406,4.0
2648502,5.0
1278370,5.0
2344810,4.0
2488148,3.0
496440,2.0
1371592,5.0
808604,3.0
798841,4.0
1525681,4.0
941611,4.0
1000904,5.0
2178287,3.0
399820,4.0
1798282,5.0
1303483,2.0
2162665,3.0
1464366,3.0
2145575,3.0
1390282,3.0
2636960,3.0
599314,5.0
1938964,3.0
1012281,1.0
2082865,5.0
1768181,2.0
2153512,4.0
484920,3.0
2485596,3.0
1928904,4.0
1513352,3.0
2274452,3.0
2559676,5.0
47289,5.0
1890104,4.0
1953458,5.0
1430074,4.0
1435555,3.0
2237178,4.0
2253668,4.0
1394903,4.0
483029,5.0
1984123,3.0
425908,4.0
314938,4.0
2643057,3.0
504211,3.0
217762,3.0
364867,3.0
15217,4.0
613712,2.0
82020,3.0
397036,4.0
1532399,3.0
2451020,5.0
2099780,3.0
2581812,3.0
2219648,4.0
1377734,4.0
783767,3.0
1529456,5.0
732493,4.0
2242228,5.0
74439,3.0
802403,5.0
1200343,4.0
749149,4.0
2111693,4.0
1079964,3.0
27061,5.0
1668684,3.0
2345215,4.0
2463242,5.0
240748,4.0
278465,3.0
2167214,4.0
1291805,5.0
236414,2.0
1890819,5.0
1238383,4.0
787352,4.0
1044403,4.0
1804819,5.0
465118,5.0
2141681,4.0
494014,4.0
1073396,4.0
1187949,4.0
1453265,3.0
1769002,4.0
2531311,3.0
1107636,4.0
172118,4.0
652121,4.0
917939,5.0
766181,4.0
1072159,4.0
2107839,3.0
1716910,5.0
679771,5.0
1382754,4.0
2070798,4.0
970497,4.0
1528418,4.0
1589575,5.0
969879,4.0
540807,4.0
570410,4.0
1386457,4.0
1829014,3.0
1973503,4.0
1476632,4.0
533807,4.0
672097,3.0
1314190,4.0
2209110,5.0
1979820,5.0
1315827,3.0
1699490,3.0
1620714,3.0
155818,3.0
722983,4.0
501420,4.0
1735767,5.0
1215043,4.0
2188937,3.0
1364293,3.0
641092,3.0
2297863,3.0
254789,4.0
168178,3.0
2145961,5.0
707653,1.0
1816898,4.0
2237988,3.0
1039555,5.0
710005,4.0
1386900,5.0
1959929,3.0
107776,4.0
129749,3.0
539631,3.0
1373500,3.0
2468325,4.0
480499,2.0
636824,3.0
525356,4.0
2499437,4.0
2278186,2.0
1401744,3.0
1539579,5.0
2513522,1.0
1661485,2.0
283149,4.0
677470,5.0
2345756,4.0
935060,3.0
681217,3.0
2465894,3.0
630175,5.0
375726,2.0
1960239,3.0
2601604,4.0
1181816,3.0
2350588,5.0
2557152,4.0
430373,3.0
1755144,3.0
883815,5.0
2371144,5.0
1117833,4.0
2375867,3.0
1533545,4.0
353435,3.0
434784,5.0
1891779,3.0
2592234,3.0
813236,5.0
87993,4.0
492555,4.0
1762695,4.0
69873,4.0
26417,5.0
77510,5.0
1348630,3.0
1123585,5.0
442276,5.0
2336502,4.0
2643193,4.0
1018465,4.0
2098867,4.0
1628621,5.0
2048276,5.0
554078,4.0
1210032,3.0
2476002,3.0
1050678,4.0
1928290,3.0
2546638,3.0
1124753,3.0
1545694,4.0
2467796,3.0
472363,4.0
1612901,4.0
51746,3.0
1083516,1.0
2161965,3.0
1477154,3.0
1477153,2.0
2079983,3.0
224858,4.0
522740,3.0
2394881,5.0
1316754,5.0
1563340,5.0
1951175,4.0
423567,4.0
253275,4.0
1437146,5.0
2249750,3.0
1174259,4.0
2248489,3.0
462900,4.0
558180,4.0
1216880,5.0
1508976,4.0
1335336,3.0
185564,3.0
2543694,5.0
1036336,4.0
1048199,5.0
749353,3.0
321519,4.0
1939221,4.0
97611,5.0
2636378,5.0
45392,5.0
166980,5.0
2118899,5.0
564733,3.0
2067423,4.0
294330,4.0
1937187,4.0
1521328,4.0
2240369,3.0
2168178,2.0
1135038,5.0
2649166,2.0
1390001,5.0
54870,5.0
2097995,4.0
1844850,3.0
141176,2.0
1822241,2.0
2363803,3.0
236621,5.0
1466302,5.0
1600039,2.0
1565425,4.0
1977612,3.0
2131817,3.0
10268,4.0
1737974,2.0
1566886,4.0
735252,5.0
757796,2.0
1618502,4.0
2248155,4.0
621640,3.0
1117062,3.0
36217,4.0
2223740,5.0
2188684,3.0
168729,4.0
1275277,4.0
1548807,4.0
104899,5.0
2648568,4.0
1247574,2.0
2330864,1.0
2208964,5.0
384679,3.0
940583,4.0
1889206,4.0
2203225,2.0
931005,5.0
735623,4.0
2214881,5.0
892229,3.0
364749,2.0
370218,1.0
122337,5.0
234275,3.0
1504990,5.0
2331813,5.0
129482,3.0
1017698,5.0
547052,4.0
1854330,5.0
2451933,2.0
1880009,4.0
1913526,3.0
299464,4.0
1029884,3.0
651691,4.0
599216,4.0
306347,4.0
1009895,5.0
2371550,4.0
1731259,5.0
217747,3.0
2213625,5.0
1717979,2.0
425920,5.0
641719,3.0
1811835,5.0
933895,4.0
1284186,3.0
1160223,5.0
2346264,4.0
1790656,4.0
738379,2.0
564895,4.0
750325,5.0
1197646,3.0
2036973,4.0
979563,5.0
2271496,3.0
449509,5.0
71594,2.0
1295700,4.0
2397674,2.0
2534508,4.0
1374197,4.0
1025888,3.0
985995,3.0
740515,3.0
2141510,3.0
1839895,5.0
1244949,5.0
1450391,4.0
1608757,2.0
96757,4.0
63971,5.0
373034,3.0
645873,4.0
1921038,3.0
250261,4.0
669659,4.0
1482396,3.0
328651,3.0
1489880,4.0
1258781,4.0
304180,4.0
2562900,4.0
2245859,5.0
428168,4.0
1174079,3.0
1492487,3.0
502219,2.0
1860956,1.0
1756027,3.0
2006043,5.0
2006046,4.0
2539101,5.0
2270963,4.0
2476215,2.0
1478875,3.0
1092189,4.0
204177,4.0
2436636,3.0
1258876,5.0
2486001,3.0
550692,3.0
1526365,4.0
942513,5.0
2636126,5.0
2161176,2.0
735391,4.0
1224756,5.0
1574825,2.0
790471,5.0
1387522,5.0
1387525,4.0
2209351,4.0
1675280,4.0
2353771,3.0
2269301,5.0
1037863,4.0
875221,5.0
57389,4.0
2584156,5.0
1853510,4.0
665803,5.0
1715300,4.0
619207,5.0
820785,1.0
2290508,5.0
1257454,5.0
1675063,4.0
2101288,5.0
1894675,5.0
2294218,5.0
451341,5.0
1844442,5.0
1679397,4.0
1956010,5.0
2159724,3.0
1390389,5.0
788866,5.0
679654,4.0
48741,4.0
785311,5.0
2299488,4.0
2172710,5.0
1578366,4.0
347686,4.0
1139570,3.0
1362465,4.0
1956904,4.0
2208555,5.0
1395781,4.0
2494753,4.0
1176800,2.0
708868,3.0
2207248,4.0
561598,5.0
208579,5.0
1460630,4.0
986502,1.0
338723,5.0
426526,3.0
1533530,3.0
1621023,3.0
1063193,5.0
1709921,5.0
982211,3.0
2588107,4.0
1208777,4.0
1481271,3.0
1900788,4.0
245369,2.0
374074,4.0
1232103,4.0
2307509,4.0
100400,1.0
859453,3.0
1434507,5.0
1120498,4.0
2634074,4.0
1103969,3.0
555613,2.0
793736,4.0
862158,3.0
844391,5.0
411809,3.0
318763,5.0
1061041,5.0
1418521,5.0
620010,5.0
1111556,3.0
1575462,4.0
406526,4.0
951152,4.0
486149,5.0
562026,3.0
972616,4.0
2274861,5.0
1045879,4.0
1236333,5.0
1642703,4.0
1691933,5.0
1061597,2.0
1544947,5.0
1410893,4.0
1054542,5.0
598256,3.0
1347991,3.0
762651,5.0
104320,4.0
2372839,4.0
1126555,3.0
2238115,4.0
886351,3.0
2484674,4.0
2600283,4.0
580924,4.0
2399549,3.0
665128,4.0
1082263,4.0
2260472,5.0
1574503,5.0
1504229,3.0
1461435,3.0
98321,5.0
75976,4.0
2246248,4.0
323243,3.0
2210867,5.0
1538740,3.0
1072294,5.0
927129,5.0
2220186,4.0
1036358,4.0
557502,5.0
1036350,5.0
1066067,4.0
1681416,4.0
1771589,3.0
198845,5.0
2010433,5.0
1195438,3.0
535751,4.0
323796,4.0
1476266,3.0
1578801,5.0
2201323,4.0
1375030,5.0
1451183,3.0
1825647,3.0
737728,3.0
1466362,4.0
1852037,4.0
333277,4.0
1507758,5.0
998448,4.0
2319621,3.0
1301819,3.0
1425875,5.0
1109700,5.0
139942,3.0
1961172,4.0
2361556,5.0
1264405,4.0
1112565,5.0
1409469,5.0
619690,2.0
1305047,4.0
1692152,4.0
1877070,5.0
1167144,4.0
2384512,4.0
2328511,3.0
1128780,4.0
2102030,5.0
910339,4.0
40731,3.0
2561713,4.0
1869431,4.0
1278338,3.0
1409728,3.0
1423310,3.0
1822153,5.0
1810074,4.0
2527694,4.0
2633545,3.0
1888060,4.0
1450883,4.0
1159471,4.0
935922,4.0
2550506,4.0
1333047,3.0
1639792,2.0
2083665,3.0
20223,5.0
1192459,5.0
938294,1.0
2325440,4.0
2363481,3.0
1617329,2.0
2239892,4.0
1121663,4.0
2472682,4.0
2606029,3.0
1486851,4.0
1261628,4.0
825831,4.0
1780330,4.0
2337681,3.0
511899,5.0
1069677,4.0
2252640,4.0
2588416,4.0
497208,1.0
290700,3.0
2398969,5.0
1498762,3.0
675883,4.0
1335677,3.0
1792741,4.0
1797997,4.0
1720844,5.0
262543,4.0
1720513,4.0
2247388,5.0
1556884,4.0
401047,5.0
88599,4.0
2020368,5.0
2509125,3.0
2086851,4.0
861840,2.0
2617913,1.0
1803323,5.0
2078282,4.0
1373383,4.0
544668,5.0
127581,4.0
26592,4.0
2339023,3.0
1884816,2.0
1470113,3.0
1082078,5.0
2055259,5.0
2123995,4.0
1193144,3.0
929277,5.0
1611056,3.0
466763,3.0
593252,2.0
1272379,1.0
1990362,4.0
1602927,4.0
1383642,3.0
2471266,2.0
2025684,3.0
493587,4.0
2118053,5.0
2280493,4.0
1041693,4.0
2401372,4.0
292751,4.0
1066907,5.0
1008085,3.0
1217256,5.0
923103,5.0
1272199,5.0
205752,4.0
716761,5.0
1589608,3.0
1138840,4.0
184888,3.0
1521420,3.0
2194022,5.0
1847613,4.0
101564,5.0
830300,4.0
1220431,4.0
369499,5.0
57633,5.0
371575,4.0
122987,4.0
2161158,3.0
1053871,3.0
879693,3.0
824490,4.0
599831,1.0
753060,4.0
1401465,5.0
572440,5.0
2080259,5.0
1538355,5.0
540844,4.0
1110842,4.0
121182,5.0
612111,1.0
662832,4.0
894205,4.0
598781,4.0
1679003,4.0
211976,3.0
1441457,4.0
2337556,2.0
2622098,3.0
68078,5.0
805343,3.0
1013013,3.0
278223,4.0
1356179,5.0
802808,4.0
1356176,3.0
1129493,5.0
1687310,4.0
1595102,4.0
1740812,1.0
636434,3.0
1096396,3.0
1344672,4.0
15737,2.0
2389877,5.0
203369,5.0
850499,4.0
2612172,2.0
2471811,5.0
366474,4.0
70867,5.0
1785082,4.0
620967,3.0
1236924,4.0
2519299,5.0
33302,5.0
1187457,4.0
18907,2.0
719959,5.0
1701762,3.0
2455103,4.0
1130826,3.0
550883,3.0
2388610,3.0
2019349,3.0
1986580,5.0
1505434,4.0
2222177,5.0
1144887,3.0
47411,4.0
226326,4.0
1470431,3.0
2051579,5.0
1633178,4.0
896114,4.0
2133714,3.0
1354435,4.0
368513,3.0
1410423,5.0
1321861,5.0
685113,5.0
412439,4.0
1919885,4.0
2281678,5.0
916644,4.0
868634,4.0
690331,5.0
1244273,4.0
825353,5.0
2632949,4.0
1100765,3.0
1037245,3.0
2216056,5.0
1789330,5.0
375989,2.0
1948450,4.0
1829617,5.0
1413219,4.0
1440478,4.0
2356911,4.0
832827,4.0
1232121,3.0
2619959,4.0
676942,4.0
2174815,5.0
69475,5.0
577103,3.0
2450525,5.0
2171827,3.0
1762837,3.0
1900854,5.0
995437,5.0
1146626,4.0
2007217,5.0
354269,5.0
1540044,4.0
1549026,4.0
989070,4.0
1338171,4.0
702455,3.0
1184537,4.0
1829281,5.0
1199688,2.0
2317868,5.0
2145399,3.0
259384,4.0
2387221,3.0
1706817,4.0
2048985,5.0
2503676,3.0
97166,5.0
926857,2.0
1174211,5.0
629389,2.0
1408393,2.0
454327,3.0
2325730,2.0
1347528,4.0
1641072,3.0
2177405,2.0
1301701,4.0
1941326,2.0
1227739,1.0
1600210,4.0
2510967,3.0
2181542,3.0
972399,4.0
247474,4.0
1860850,4.0
2205186,4.0
1045223,4.0
2564120,4.0
124342,3.0
713982,3.0
1086544,4.0
1306280,3.0
657606,2.0
2385481,3.0
362622,4.0
1581343,5.0
2109001,4.0
1592660,3.0
1379632,5.0
162134,3.0
162641,4.0
1253361,4.0
1782686,4.0
673591,5.0
2169264,3.0
2162424,4.0
2107068,5.0
1961218,4.0
2386598,3.0
1751917,5.0
2212595,5.0
2284160,4.0
2186537,5.0
513026,5.0
931226,5.0
1327200,5.0
2079668,5.0
1225382,5.0
1225383,4.0
2327743,3.0
2518807,4.0
2387961,4.0
1229545,3.0
1810093,4.0
347583,5.0
1087944,3.0
237532,5.0
1225475,4.0
89994,4.0
2203916,4.0
858204,5.0
1580437,3.0
1799922,4.0
2647661,5.0
771094,4.0
655601,5.0
2155331,3.0
2056817,4.0
548695,5.0
1961377,5.0
1113230,4.0
825819,3.0
1247465,3.0
913371,5.0
1278864,4.0
1835249,4.0
2053907,5.0
1162732,5.0
860839,3.0
1244044,4.0
1055451,3.0
947483,4.0
1858583,4.0
1850143,4.0
1335658,5.0
21229,5.0
2504322,5.0
357980,4.0
1256482,3.0
2247417,5.0
284810,3.0
983272,3.0
2279609,4.0
590275,4.0
979424,4.0
1085779,3.0
899799,5.0
464504,3.0
2085397,4.0
224795,4.0
594196,5.0
1298591,3.0
1302376,5.0
680736,4.0
1095925,4.0
680226,5.0
606271,4.0
1920597,4.0
1037347,4.0
22663,4.0
10897,2.0
391743,4.0
2059967,4.0
616375,2.0
24715,5.0
896306,4.0
2155681,5.0
2237514,4.0
214520,4.0
1453711,5.0
1879369,4.0
1810656,3.0
2334536,4.0
2521360,4.0
287545,3.0
344110,5.0
2576843,5.0
2438708,3.0
2287157,4.0
683427,3.0
1846674,5.0
2380298,4.0
324225,5.0
1649989,1.0
832780,4.0
100943,2.0
957726,5.0
1448114,5.0
942007,5.0
679869,3.0
1913123,5.0
2194044,3.0
2132276,5.0
1563713,5.0
863644,4.0
1317589,5.0
1290593,5.0
1056823,4.0
62512,3.0
1317580,5.0
1913023,5.0
387370,4.0
824478,5.0
1062351,3.0
2118461,4.0
392597,4.0
763193,3.0
2268019,3.0
1143264,5.0
1926192,4.0
426070,5.0
1277134,4.0
1737030,3.0
2090715,4.0
2290013,5.0
2389101,4.0
944189,3.0
1234095,3.0
2629740,3.0
1396693,3.0
1851951,4.0
1005911,2.0
795105,3.0
415219,4.0
1387049,5.0
1013077,2.0
297962,2.0
2227850,4.0
566544,4.0
387106,4.0
1006936,3.0
785573,4.0
520704,5.0
960023,3.0
911164,4.0
2086264,3.0
2030484,3.0
1687191,3.0
2465216,5.0
2352463,3.0
1898310,3.0
2093590,4.0
2625306,4.0
1883550,4.0
1966083,3.0
2127716,5.0
280120,4.0
1298036,3.0
1125803,3.0
986015,3.0
1918957,5.0
2602249,3.0
971678,5.0
983069,3.0
2208595,5.0
2086404,4.0
875956,5.0
1120721,3.0
718882,4.0
123707,4.0
1612701,4.0
781248,2.0
1203347,4.0
1928935,4.0
2302115,5.0
2404300,5.0
2252432,4.0
811704,5.0
716107,3.0
115240,5.0
2583705,4.0
1292190,5.0
168513,4.0
917647,4.0
40563,3.0
1145956,2.0
1848548,4.0
1531781,5.0
610997,4.0
342616,3.0
1008517,3.0
2570992,4.0
2436397,4.0
2621150,4.0
1330860,5.0
1644216,4.0
774749,3.0
692268,3.0
924922,4.0
322009,4.0
2077527,4.0
659526,3.0
2533480,5.0
139557,1.0
1251127,5.0
242896,4.0
2558951,1.0
110545,3.0
35206,2.0
1273296,4.0
1971047,3.0
581616,4.0
929383,5.0
527592,5.0
702639,4.0
1824009,3.0
904768,4.0
1722561,4.0
2113107,4.0
1991225,3.0
128863,5.0
652654,3.0
1689590,3.0
359115,5.0
359110,3.0
1093403,2.0
2100210,4.0
2473692,5.0
2547661,3.0
1349433,2.0
1706873,5.0
527777,4.0
853459,4.0
623083,3.0
2004274,3.0
1219818,4.0
762260,2.0
98586,4.0
1668431,4.0
1386873,3.0
514456,5.0
586694,5.0
1901598,3.0
113549,4.0
972914,5.0
1932594,3.0
1563506,5.0
2610969,3.0
2084326,5.0
1551167,5.0
80007,3.0
1171469,4.0
1906240,3.0
2047862,4.0
129367,4.0
2384779,4.0
1241958,5.0
1861478,4.0
1786604,3.0
1097275,5.0
637185,4.0
2338019,3.0
24095,4.0
2448620,3.0
2036360,3.0
1939822,3.0
1096051,4.0
158703,3.0
2004175,3.0
1671043,4.0
461218,3.0
315644,3.0
1500291,2.0
1196241,5.0
1340455,5.0
70122,4.0
1061195,4.0
285836,4.0
627503,5.0
1169433,3.0
936928,3.0
573928,4.0
371307,4.0
538735,5.0
2490848,3.0
2290481,3.0
2584254,4.0
2584252,5.0
146462,4.0
1491054,4.0
1897862,5.0
707713,3.0
285164,4.0
2268800,4.0
147510,5.0
2292888,5.0
701781,4.0
2387950,4.0
734544,4.0
2387520,5.0
87113,4.0
1243789,3.0
2282845,5.0
40779,3.0
347702,3.0
1204833,4.0
1160572,5.0
2400924,4.0
1446509,2.0
1436822,4.0
1568541,4.0
2425662,5.0
2606799,3.0
2462556,1.0
441579,3.0
2088630,5.0
842846,4.0
2256295,5.0
2114263,4.0
50400,5.0
1089193,3.0
992764,4.0
1854399,5.0
577350,4.0
1016180,2.0
835548,3.0
984085,3.0
2063167,3.0
543865,4.0
1350064,3.0
831439,3.0
2487919,4.0
1068902,3.0
1385608,4.0
2206143,3.0
50669,2.0
1241131,4.0
1151120,4.0
1447907,4.0
741486,3.0
2502462,3.0
2094731,3.0
1033845,4.0
1870129,2.0
1963094,4.0
1204226,4.0
1258099,4.0
554171,4.0
586755,4.0
1755681,3.0
1203928,3.0
1648077,5.0
2505165,2.0
2496628,5.0
1283630,1.0
1373338,4.0
1328031,1.0
923149,4.0
56854,4.0
1585897,3.0
1001035,4.0
923631,3.0
424144,1.0
985863,5.0
2279885,4.0
209387,4.0
1937311,4.0
964851,3.0
2259898,4.0
679846,3.0
499718,4.0
2260008,3.0
104004,5.0
991504,5.0
2059267,4.0
2522148,5.0
1494367,4.0
371534,3.0
753710,4.0
2314835,3.0
2032629,4.0
1205174,4.0
118314,3.0
1509675,5.0
611494,3.0
1446294,4.0
199769,3.0
2088513,4.0
248039,5.0
1897454,2.0
454172,5.0
2477451,3.0
297901,5.0
403981,5.0
790183,3.0
2209995,3.0
2560168,3.0
1776870,1.0
1287939,4.0
960007,4.0
1222037,3.0
495388,3.0
932272,1.0
1904729,3.0
955719,3.0
1756620,5.0
835847,5.0
543279,4.0
596918,4.0
1029749,5.0
2236255,3.0
112201,3.0
2585665,3.0
1961586,5.0
983042,3.0
2189371,4.0
2091461,4.0
1832073,3.0
1684992,5.0
1684624,3.0
2147527,2.0
2156368,5.0
1614609,5.0
1592140,4.0
1933788,5.0
1730592,4.0
2484944,3.0
2536720,4.0
487236,4.0
1380173,2.0
699566,5.0
1541066,5.0
2112089,2.0
302344,3.0
1814941,4.0
1456621,3.0
2592818,3.0
656460,4.0
1640132,5.0
1160968,4.0
744901,5.0
359827,4.0
58544,5.0
2556737,3.0
111033,4.0
847776,4.0
529355,4.0
1546736,5.0
171610,3.0
1239467,3.0
1946241,4.0
2085211,4.0
1523142,5.0
330482,3.0
556059,4.0
1233877,5.0
188163,5.0
91990,5.0
2382246,3.0
1474319,5.0
2319377,3.0
2376370,5.0
2137112,3.0
2150751,4.0
976637,4.0
1026298,5.0
2619914,3.0
1820219,5.0
477988,5.0
2524669,4.0
180151,4.0
2094693,3.0
1155126,3.0
2282075,4.0
741851,4.0
1662714,3.0
787558,5.0
995169,4.0
2478643,4.0
1701859,5.0
1030701,3.0
1723368,4.0
1407665,4.0
1353566,4.0
2331215,3.0
1391652,1.0
1391654,3.0
1066555,5.0
1416190,3.0
2643621,3.0
193416,4.0
405058,5.0
2271228,4.0
676900,4.0
1135948,4.0
1190512,4.0
328509,5.0
2061317,4.0
2201074,5.0
617093,3.0
2629977,5.0
2552504,4.0
2233998,5.0
2532402,3.0
1227773,1.0
965531,3.0
336413,4.0
545689,4.0
2539309,3.0
2141037,2.0
592374,5.0
1824028,4.0
1738119,3.0
1825371,2.0
2448021,4.0
2260761,5.0
1483120,3.0
1912542,1.0
1025440,5.0
1883706,4.0
1589188,5.0
2023200,5.0
588787,4.0
2143290,3.0
542817,3.0
400169,3.0
2047805,4.0
1588857,4.0
424371,2.0
1988149,4.0
1353981,1.0
767240,4.0
135409,3.0
391471,5.0
2423786,3.0
2277540,2.0
2156178,5.0
371492,3.0
2636046,4.0
690615,4.0
1327792,5.0
2511142,5.0
1772362,4.0
868313,4.0
1089888,5.0
570532,4.0
2542967,4.0
980292,3.0
679108,5.0
2206762,4.0
753362,2.0
36760,4.0
1970475,2.0
479755,3.0
2340189,4.0
294040,2.0
2060260,5.0
2079622,4.0
1873315,4.0
2018713,2.0
2483740,2.0
1561964,5.0
611531,3.0
2604057,3.0
44235,5.0
582315,4.0
1310425,3.0
1553150,4.0
1568094,3.0
1440607,4.0
2520489,3.0
2126702,5.0
186626,3.0
870716,4.0
2191370,5.0
2295235,5.0
1592086,5.0
1417474,5.0
1712904,4.0
1809161,3.0
301733,4.0
2165084,4.0
195105,3.0
450125,3.0
2349759,4.0
601317,4.0
828349,4.0
1710237,4.0
1637405,5.0
1141463,3.0
916743,3.0
2515643,3.0
1286400,3.0
2630072,5.0
797227,3.0
30281,3.0
2288776,4.0
1279486,4.0
223582,4.0
1461736,5.0
2116575,4.0
933819,4.0
2490130,4.0
119014,5.0
2138793,4.0
2368526,4.0
812339,3.0
1296336,4.0
1262887,4.0
174365,5.0
1876896,4.0
887273,4.0
2478282,4.0
1990523,4.0
901694,4.0
816237,4.0
497196,3.0
2040097,4.0
1895554,3.0
1710643,5.0
2347755,5.0
483785,5.0
2007066,2.0
1160735,5.0
2033173,3.0
2214917,5.0
1807199,4.0
2633797,3.0
634602,5.0
624987,4.0
2645579,4.0
1249686,3.0
1197972,4.0
1695443,2.0
1094767,4.0
2268420,4.0
1464746,5.0
1424177,5.0
1010489,3.0
993387,4.0
1916105,4.0
2356165,4.0
1958913,4.0
1696181,3.0
2320706,5.0
108007,4.0
796494,4.0
2414026,4.0
340091,3.0
1795511,2.0
1563207,5.0
2000600,3.0
2006338,2.0
2587528,4.0
2387369,4.0
2250944,4.0
2445788,4.0
2416771,4.0
1035423,3.0
2416775,3.0
427309,4.0
1150431,5.0
349060,5.0
86879,4.0
1408237,4.0
1172510,4.0
1391510,5.0
1299784,5.0
2023883,5.0
128389,3.0
450465,4.0
140479,4.0
1255507,4.0
2100003,5.0
2563498,5.0
1224064,5.0
833884,4.0
671338,5.0
1097536,3.0
1959185,3.0
2101973,4.0
1170138,2.0
2543158,3.0
1135154,4.0
937483,4.0
984290,5.0
1370564,4.0
229507,5.0
1659758,4.0
2421912,4.0
2481827,4.0
636429,3.0
2551538,3.0
1079295,5.0
2165945,2.0
339962,4.0
152244,4.0
2127755,4.0
223803,5.0
1618242,5.0
464792,4.0
2120396,5.0
2404693,4.0
1181111,3.0
2311238,3.0
2581032,4.0
1442124,3.0
1551945,1.0
2211345,3.0
871630,5.0
506179,3.0
1639386,5.0
600141,5.0
974880,5.0
1099041,5.0
1516350,3.0
136807,4.0
242327,4.0
1176559,5.0
754161,4.0
447407,1.0
2203651,4.0
1259082,3.0
1246924,2.0
1000530,3.0
437586,2.0
774251,4.0
2126397,3.0
2274570,3.0
1712438,4.0
2204068,5.0
2602207,2.0
1192281,5.0
1485198,4.0
1669360,5.0
144961,5.0
1944516,5.0
1299817,4.0
1910620,4.0
2304586,3.0
388143,4.0
1709435,4.0
2300261,4.0
160449,3.0
752642,3.0
1290944,5.0
2126573,4.0
1361282,4.0
1424768,4.0
469045,5.0
2616210,5.0
1240186,4.0
2217779,3.0
1318168,5.0
914958,4.0
1911682,3.0
725884,3.0
703996,3.0
819240,5.0
1459203,5.0
1984604,1.0
1034604,4.0
47075,5.0
30941,3.0
497052,4.0
1900565,4.0
87427,4.0
527559,3.0
2577450,1.0
1946227,5.0
1349613,4.0
92056,3.0
959331,4.0
1743756,5.0
760921,4.0
915924,5.0
760924,3.0
78936,2.0
2256485,3.0
734347,4.0
1227576,4.0
2271202,1.0
115937,4.0
405075,4.0
1119528,4.0
988545,4.0
107909,4.0
2062350,5.0
1778599,4.0
241772,4.0
622934,3.0
1168143,4.0
832163,4.0
2180924,4.0
1218392,5.0
2258579,4.0
331946,4.0
2143500,5.0
2458826,5.0
2239241,5.0
1302673,3.0
1872934,3.0
1821320,4.0
482999,4.0
632153,3.0
1001461,4.0
26070,4.0
270763,4.0
1808612,4.0
2562153,3.0
555336,3.0
1958912,5.0
1320185,4.0
1954411,4.0
1772340,4.0
2594337,5.0
2060067,2.0
431404,4.0
470618,4.0
973538,5.0
2543090,3.0
2489582,5.0
1048939,3.0
1627392,5.0
753693,5.0
2517669,4.0
1187063,4.0
536930,3.0
1480151,3.0
2362208,1.0
985009,2.0
2120724,4.0
1535401,4.0
1113393,4.0
2507646,4.0
660061,5.0
1746056,4.0
125903,3.0
2134965,4.0
2035049,4.0
2528088,1.0
549962,3.0
2604070,4.0
1200461,2.0
1187171,4.0
1029530,5.0
1546659,1.0
379062,4.0
1742931,5.0
1742939,3.0
734508,3.0
325732,3.0
1573507,3.0
1797112,5.0
873492,4.0
560599,4.0
2613474,3.0
163205,4.0
636256,3.0
1630194,4.0
1401310,4.0
803911,3.0
272854,1.0
753836,3.0
1904227,3.0
2067044,4.0
1099404,5.0
1177218,2.0
174167,5.0
1894853,3.0
432983,3.0
2504343,5.0
584436,4.0
584437,4.0
2083156,3.0
1970630,4.0
1084999,3.0
2625420,2.0
1233116,4.0
984718,4.0
1311573,3.0
131643,4.0
756316,4.0
1315056,3.0
225285,3.0
2201903,4.0
1748609,5.0
2463759,4.0
257622,4.0
2523341,4.0
1661344,5.0
86609,3.0
2273696,4.0
1242432,2.0
1634248,4.0
1388266,4.0
1882796,4.0
1497505,5.0
2487958,4.0
381753,5.0
1000678,5.0
1753942,5.0
1533807,4.0
1755534,5.0
946380,3.0
1813586,3.0
92387,5.0
1642319,3.0
95862,5.0
279966,3.0
279960,3.0
2407994,4.0
2597530,3.0
1526618,4.0
770339,3.0
1496361,4.0
2115020,3.0
744129,3.0
2098079,3.0
2066490,4.0
679947,3.0
1665824,4.0
835271,4.0
2484755,4.0
2554035,3.0
183962,4.0
2627394,4.0
2549935,4.0
1991674,4.0
1837559,3.0
1027280,2.0
795530,5.0
1979465,5.0
1274870,4.0
1392404,2.0
1994064,3.0
1100863,4.0
1508328,3.0
2162539,4.0
1804940,5.0
1151832,4.0
925414,3.0
311692,5.0
2117562,4.0
1643995,3.0
1143750,1.0
194457,4.0
1487011,4.0
1811751,4.0
2030888,4.0
1327944,4.0
761998,4.0
2439017,5.0
17362,5.0
166317,4.0
745651,3.0
2015654,4.0
2100574,1.0
2046765,4.0
1955132,5.0
1582412,3.0
1945005,1.0
1294471,4.0
387418,1.0
2119826,4.0
2057141,5.0
139081,3.0
173433,1.0
2096587,5.0
962384,1.0
1185149,4.0
1431356,4.0
1180844,5.0
587518,5.0
113262,3.0
1300759,5.0
1922072,4.0
997261,5.0
1999678,3.0
760481,3.0
1409567,2.0
926579,3.0
466322,3.0
2444052,3.0
2118994,1.0
2384478,3.0
1822783,5.0
2293635,4.0
437742,4.0
243612,4.0
1221477,5.0
493978,3.0
905901,5.0
2209489,4.0
2648609,4.0
818025,5.0
1379440,4.0
1734,5.0
1326341,3.0
1381552,4.0
339159,5.0
2541141,5.0
1993420,3.0
2251582,3.0
364664,4.0
1684485,2.0
2478385,3.0
553202,3.0
1696428,3.0
2120912,5.0
1442105,2.0
1837233,4.0
2171409,3.0
2303590,4.0
522382,4.0
226947,3.0
1239429,4.0
330376,4.0
1362041,3.0
43195,5.0
47589,4.0
1479374,2.0
2243071,4.0
1715766,4.0
1279360,4.0
2283211,1.0
2299287,4.0
1687759,5.0
2402716,5.0
2443086,3.0
2282032,5.0
1347935,4.0
1636145,3.0
1465186,5.0
2526805,5.0
319258,5.0
319529,2.0
256465,2.0
1715054,5.0
722833,5.0
1638502,5.0
2058194,4.0
1105577,3.0
6460,3.0
2036838,5.0
520507,4.0
267780,3.0
1806594,5.0
357481,5.0
166410,4.0
1295669,5.0
1337153,5.0
2445481,4.0
2030160,5.0
1688484,5.0
1165138,4.0
2425195,4.0
2409590,4.0
1903582,3.0
2351670,1.0
187322,3.0
1916602,2.0
65860,4.0
1896561,4.0
2191570,3.0
1267399,1.0
2043681,4.0
350067,3.0
2104131,4.0
1722054,5.0
649855,5.0
1270565,5.0
717131,2.0
2490948,4.0
1838859,3.0
352451,5.0
75337,3.0
1072766,4.0
2031561,4.0
2023244,4.0
486529,4.0
235466,1.0
948109,3.0
578896,5.0
2544655,5.0
1318745,5.0
1423668,4.0
675306,4.0
719294,3.0
408645,4.0
2492463,3.0
379432,5.0
4421,4.0
1554161,4.0
9557,2.0
2120218,5.0
1353855,4.0
1396046,5.0
802944,4.0
589471,3.0
1129884,5.0
1682087,4.0
1691792,3.0
644464,4.0
2244916,2.0
1637821,4.0
1096568,5.0
857132,1.0
41042,4.0
1417435,3.0
2030769,5.0
1535722,5.0
1813431,4.0
512117,4.0
975522,4.0
216703,3.0
194555,1.0
1771126,3.0
1224560,5.0
1520095,3.0
198393,4.0
1071266,5.0
939767,3.0
1326154,3.0
860520,4.0
2145632,2.0
841432,5.0
2036646,3.0
1104427,3.0
2114885,4.0
2555014,4.0
174633,3.0
1262713,5.0
433038,4.0
1443462,5.0
662533,4.0
1434153,5.0
1090765,5.0
2402382,5.0
1497344,3.0
2583311,5.0
2412030,5.0
44946,1.0
243868,5.0
1491960,3.0
2153721,2.0
66265,3.0
1848428,3.0
317108,3.0
2033070,3.0
1352530,3.0
1412309,5.0
2376898,5.0
1797825,3.0
685643,4.0
1065138,5.0
1806318,3.0
1593061,3.0
793582,4.0
2407608,4.0
1261395,4.0
739517,3.0
322367,3.0
1996893,4.0
1931981,5.0
1704440,4.0
2574115,5.0
933855,4.0
625546,4.0
404278,3.0
287018,4.0
2634328,5.0
1299355,4.0
1169138,5.0
1078549,5.0
934497,3.0
779811,3.0
329998,4.0
2284890,4.0
1618874,4.0
705787,4.0
747755,4.0
2141441,4.0
1903911,3.0
1937376,3.0
2230271,4.0
715607,5.0
2471832,4.0
248426,4.0
1020583,3.0
522647,5.0
2320214,4.0
2249634,4.0
2512721,5.0
1799398,5.0
2246362,5.0
2315108,3.0
2237597,3.0
1171236,4.0
873584,4.0
518123,3.0
25533,2.0
2449569,4.0
550309,3.0
450423,5.0
1194911,4.0
2609365,4.0
631636,4.0
741285,2.0
2635059,1.0
2466146,3.0
149359,3.0
1470064,3.0
10901,5.0
962014,4.0
1374515,1.0
2023451,2.0
57565,4.0
1013742,5.0
1230047,4.0
2066735,2.0
1132764,4.0
387189,5.0
2403811,4.0
2250323,4.0
648596,3.0
909164,1.0
2016453,4.0
2517137,5.0
1291600,3.0
2424839,4.0
53266,3.0
2500894,5.0
135879,5.0
2435667,5.0
1859405,4.0
1357346,5.0
199257,4.0
162503,3.0
1787323,4.0
1631168,4.0
133129,5.0
727449,4.0
1750396,5.0
2244589,5.0
1357209,5.0
622453,3.0
2528130,5.0
1138333,5.0
679429,5.0
2203838,3.0
1741099,5.0
1333123,5.0
955953,3.0
844356,4.0
1342698,2.0
907650,3.0
1794701,4.0
1449802,3.0
2120970,4.0
2013867,5.0
2619460,5.0
172377,3.0
1292808,4.0
1960129,4.0
1854414,4.0
1056238,3.0
1149153,4.0
729150,4.0
1435361,5.0
319632,5.0
156430,5.0
2030513,3.0
1905512,5.0
1524964,3.0
495274,4.0
2276790,1.0
207793,5.0
1453928,3.0
504440,4.0
627801,3.0
1493986,5.0
2029320,5.0
577751,4.0
1536492,2.0
929308,4.0
1012904,5.0
520520,5.0
1130999,5.0
2572409,4.0
239431,3.0
680328,4.0
1582151,2.0
32885,3.0
1648775,4.0
866274,4.0
738899,4.0
1618998,3.0
881783,4.0
1295603,3.0
977017,2.0
2289273,3.0
716091,2.0
1340358,4.0
1758181,4.0
2267959,4.0
2250510,5.0
1463668,4.0
2305320,3.0
119721,4.0
1132596,4.0
2306968,4.0
684798,3.0
69904,4.0
1755278,4.0
1456244,3.0
861054,4.0
559741,3.0
2473070,5.0
1954639,5.0
1819175,5.0
2347299,4.0
2032162,4.0
762835,4.0
2634516,3.0
834933,3.0
1598457,3.0
1216862,3.0
2052520,4.0
1579371,4.0
990773,4.0
741564,3.0
1328243,5.0
1053115,4.0
293749,3.0
1772658,4.0
196846,2.0
519944,4.0
547440,4.0
670179,4.0
138582,4.0
291645,3.0
582114,3.0
493363,4.0
1403678,5.0
235229,5.0
787136,5.0
1979650,3.0
2313362,5.0
1761809,4.0
1794933,3.0
902413,5.0
700548,4.0
303270,3.0
1676752,3.0
1538160,4.0
2534358,5.0
274191,4.0
1988784,4.0
972193,5.0
1520304,4.0
484943,3.0
1699241,4.0
59882,3.0
517454,4.0
2217940,5.0
2638753,2.0
613651,3.0
83687,3.0
2545982,4.0
841633,4.0
1385823,5.0
1534148,3.0
2359204,3.0
2185644,4.0
1183619,4.0
709197,2.0
1182560,4.0
1293458,4.0
2322592,5.0
560086,2.0
307975,4.0
7116,3.0
1052463,5.0
2612341,4.0
2091589,4.0
1524551,1.0
2593960,3.0
1524354,3.0
2019936,5.0
2388555,3.0
781303,4.0
335457,5.0
1394396,4.0
2255034,5.0
589682,5.0
363195,4.0
1208613,3.0
1688233,5.0
216182,5.0
129796,4.0
1930617,5.0
1564395,3.0
319369,3.0
1569519,3.0
202114,4.0
804602,3.0
1674496,4.0
692694,5.0
1382816,3.0
1060892,3.0
2049734,4.0
2632868,5.0
1350231,5.0
2022728,4.0
1068988,4.0
108360,3.0
1781214,2.0
1380413,5.0
2040209,1.0
946691,3.0
1350230,4.0
2433040,3.0
1015900,4.0
954742,4.0
1706645,4.0
684654,1.0
378591,4.0
2617841,3.0
2437901,3.0
1655778,4.0
496887,4.0
1632784,4.0
2535476,4.0
2535470,2.0
1939739,3.0
2081789,4.0
2413767,4.0
1061147,2.0
150998,5.0
352062,5.0
2237029,4.0
2616427,5.0
1271554,4.0
1426178,4.0
431856,5.0
110288,5.0
2141427,1.0
1309432,5.0
262411,5.0
360264,3.0
2059635,4.0
946039,4.0
2636012,4.0
2159810,5.0
214589,3.0
1002943,5.0
2347596,3.0
2047145,5.0
1393842,4.0
1723068,4.0
813592,5.0
691878,3.0
297453,4.0
2240770,2.0
1253792,4.0
1538396,5.0
304693,4.0
2240776,5.0
520840,3.0
1295143,4.0
1567145,5.0
839515,5.0
405572,4.0
1651253,4.0
10679,5.0
1576261,2.0
2486710,3.0
2374610,5.0
2610862,5.0
1370506,3.0
2411118,2.0
1990901,5.0
2516788,4.0
2481849,4.0
383132,4.0
52191,4.0
2338137,3.0
902622,2.0
2310578,4.0
781151,4.0
311070,2.0
773890,4.0
1217301,4.0
387967,3.0
2509644,5.0
2493786,4.0
2404678,3.0
1810444,4.0
1328381,3.0
102487,4.0
1005246,5.0
1598669,4.0
728881,4.0
2537502,5.0
2403480,2.0
2161550,5.0
1966687,3.0
2319382,4.0
1484086,3.0
1859573,3.0
1494238,5.0
2622507,5.0
232425,4.0
736825,4.0
53243,3.0
54040,3.0
892105,3.0
2083074,4.0
900950,2.0
1003387,2.0
1463219,4.0
1212086,3.0
1822126,3.0
624468,4.0
830855,3.0
1625109,3.0
343139,5.0
144909,2.0
2215021,3.0
909851,3.0
2128598,3.0
2363589,5.0
2405503,4.0
1310250,4.0
1310257,5.0
945258,5.0
702085,3.0
833271,2.0
2087629,4.0
68959,4.0
1883836,4.0
453501,5.0
1969285,5.0
2638144,3.0
1745404,5.0
1715894,5.0
1731826,4.0
454878,4.0
417418,4.0
805746,3.0
644111,4.0
1486956,4.0
415672,3.0
471880,5.0
1725515,5.0
693809,2.0
2195747,5.0
1446775,4.0
26756,5.0
614285,4.0
2318166,4.0
2485434,3.0
1474282,4.0
2600441,4.0
835351,4.0
478827,5.0
1759957,4.0
2463585,3.0
2404872,3.0
2043500,5.0
13130,3.0
50123,4.0
676989,5.0
1340377,4.0
1686685,3.0
2008700,5.0
1533452,4.0
2442646,5.0
127061,4.0
886227,4.0
2350141,2.0
1217689,4.0
2379200,4.0
1597207,4.0
1265763,5.0
2173758,4.0
1462488,4.0
779653,3.0
43738,4.0
1464628,3.0
2442028,3.0
1886585,3.0
1845777,5.0
430876,5.0
513957,4.0
2331293,4.0
2110335,5.0
261806,2.0
1036139,4.0
2506025,5.0
489220,2.0
277124,4.0
82874,4.0
2585620,2.0
2585997,5.0
2556131,4.0
2356793,5.0
1575849,4.0
496393,4.0
2427770,5.0
2550989,3.0
1411831,4.0
32754,2.0
2459420,5.0
1779118,3.0
1368025,5.0
1368751,3.0
2554860,4.0
1146000,5.0
2458336,4.0
2418437,3.0
1897659,5.0
1689425,3.0
128222,5.0
1733203,3.0
1681964,3.0
343300,3.0
1498881,4.0
1675479,3.0
303677,4.0
48355,1.0
1494683,4.0
1423956,4.0
2146536,3.0
136030,4.0
1914553,5.0
817484,4.0
1967569,4.0
1422682,4.0
2646462,4.0
317314,5.0
519965,3.0
190474,4.0
1163795,4.0
1938237,4.0
320314,3.0
800053,1.0
927583,3.0
1326994,1.0
512629,5.0
134750,3.0
2384355,5.0
1559492,4.0
414800,5.0
101807,5.0
1470878,4.0
298471,4.0
927271,4.0
642079,5.0
2061758,3.0
2169737,3.0
2040420,2.0
1968710,5.0
1562701,3.0
112349,4.0
1562255,5.0
1049315,5.0
295399,4.0
1186064,3.0
1451734,3.0
1419757,4.0
1300036,5.0
1431104,4.0
1747818,2.0
2640203,3.0
1634596,4.0
2589210,4.0
1345597,2.0
1814637,3.0
1021301,5.0
1596031,4.0
2292823,3.0
2608997,5.0
655021,4.0
2532109,5.0
2031812,2.0
2212176,2.0
137703,2.0
1961777,4.0
2532100,4.0
774398,4.0
1275329,4.0
14728,4.0
2060403,3.0
313046,4.0
197025,3.0
1978089,5.0
685074,4.0
1418739,3.0
392146,4.0
847616,3.0
94869,4.0
234450,3.0
1596784,5.0
175858,4.0
938983,5.0
1339481,4.0
1597569,4.0
770326,3.0
686134,4.0
421374,2.0
1367596,3.0
1149582,3.0
2520513,4.0
254887,5.0
2307992,3.0
1100396,5.0
1497309,4.0
1669517,4.0
1312066,4.0
848872,4.0
953718,5.0
912687,5.0
805988,4.0
393425,4.0
1709110,3.0
2372931,4.0
370614,5.0
594154,3.0
2596679,5.0
129845,3.0
1801719,3.0
2257323,3.0
1099977,5.0
2320969,5.0
2294689,5.0
1927026,4.0
1554712,4.0
1893955,2.0
1645535,3.0
1984503,5.0
1319661,2.0
1951705,4.0
1522205,4.0
1860150,4.0
82663,4.0
2040501,4.0
1288603,4.0
1075075,4.0
2642784,4.0
2463441,4.0
922614,4.0
1949871,4.0
2061239,3.0
2341871,5.0
1070248,2.0
1483639,4.0
2108674,5.0
576204,4.0
928882,3.0
900992,4.0
1217897,4.0
1250690,4.0
806450,4.0
624019,4.0
2417151,4.0
740226,3.0
1881445,2.0
1495435,4.0
1650580,4.0
1945715,5.0
362297,4.0
1608318,4.0
1395295,4.0
231249,4.0
1242211,4.0
1249577,5.0
901467,4.0
2314898,4.0
2540497,3.0
1306470,4.0
349572,4.0
81865,3.0
1387830,4.0
1173459,4.0
455024,3.0
2427329,3.0
2371857,4.0
489962,3.0
556776,2.0
1814516,4.0
1667665,3.0
153167,2.0
829490,5.0
870098,3.0
211377,5.0
582092,4.0
1747574,4.0
1520179,3.0
1009622,4.0
473462,4.0
573802,4.0
445423,2.0
2395648,4.0
2365398,5.0
837133,4.0
62443,3.0
1801157,4.0
1138485,4.0
1084952,4.0
2582052,4.0
2622569,4.0
2418602,5.0
1225082,5.0
146780,4.0
704598,5.0
1605430,5.0
2492108,1.0
1431663,5.0
1977959,4.0
1901678,2.0
2080674,3.0
823372,2.0
1125958,5.0
612800,3.0
2424721,4.0
1992442,4.0
45911,4.0
1992337,4.0
2406356,2.0
1739513,3.0
575320,5.0
651010,5.0
664294,3.0
1115451,4.0
450020,3.0
212859,5.0
357087,3.0
314656,5.0
2050201,4.0
1064167,5.0
2229724,4.0
2038535,4.0
2303683,4.0
1952492,4.0
567298,4.0
2054043,4.0
1222147,3.0
2382912,4.0
798653,3.0
879912,2.0
2573464,5.0
107640,4.0
216534,4.0
1705674,5.0
1908728,5.0
576984,4.0
2575145,4.0
291396,5.0
2072840,4.0
1830717,5.0
1295427,4.0
907730,5.0
747960,5.0
1613383,4.0
2082635,5.0
385974,4.0
875805,5.0
159730,5.0
1236627,4.0
588007,5.0
1027819,2.0
1272988,2.0
399772,4.0
111322,5.0
2127196,5.0
283072,3.0
2195549,4.0
2359486,5.0
1314857,5.0
1791599,3.0
1026368,5.0
2253124,4.0
1791594,3.0
2620545,4.0
327575,5.0
1478444,5.0
1354545,4.0
307154,4.0
224074,4.0
1786694,4.0
862040,4.0
460526,4.0
1754146,5.0
1920056,4.0
2221050,4.0
1458628,5.0
1895746,3.0
646763,4.0
2283630,5.0
86379,4.0
1350652,3.0
588877,3.0
385208,4.0
2361743,4.0
455810,5.0
1695701,4.0
1078248,1.0
1138975,4.0
1486201,5.0
952636,4.0
852897,3.0
551139,3.0
2074629,4.0
1696241,3.0
577616,4.0
684531,4.0
114662,5.0
2012052,5.0
2631038,5.0
1113515,3.0
998502,1.0
1608147,2.0
1976368,5.0
832536,5.0
1477209,4.0
2416619,4.0
2410473,4.0
999638,5.0
1623403,1.0
515899,3.0
2264626,3.0
128241,5.0
1681947,4.0
1501707,4.0
2073532,3.0
1261931,5.0
1934293,3.0
1571988,5.0
2331815,4.0
29078,4.0
951446,3.0
1983551,5.0
193562,3.0
1958197,4.0
193560,3.0
46036,5.0
1287892,3.0
420266,4.0
2522284,5.0
1110156,4.0
611593,4.0
501279,3.0
1717532,5.0
328654,5.0
265012,2.0
520363,5.0
210762,3.0
271854,2.0
647979,4.0
458252,5.0
1240971,4.0
2076954,4.0
2545618,3.0
1298555,3.0
1908539,4.0
972267,4.0
1717288,4.0
176300,4.0
2260832,3.0
1475516,5.0
2312054,1.0
1222337,5.0
2017649,4.0
2589230,2.0
506725,5.0
1817069,4.0
1505732,5.0
1286411,3.0
487574,3.0
1712930,4.0
1067376,3.0
910772,3.0
2291170,5.0
1385316,4.0
1356923,4.0
1876520,1.0
2561608,4.0
1806515,3.0
1221714,3.0
2537719,4.0
14704,4.0
2485087,4.0
1638910,4.0
2164738,3.0
2241806,5.0
179881,4.0
2398295,5.0
115328,4.0
529543,5.0
477209,4.0
1369834,3.0
280260,4.0
2183302,3.0
2325737,3.0
131937,4.0
1905594,4.0
844115,5.0
2152838,3.0
1080872,4.0
1673185,4.0
27753,5.0
1177165,5.0
1985920,3.0
206903,4.0
885386,3.0
2472537,4.0
420026,5.0
915532,4.0
1325816,2.0
1113980,5.0
695934,3.0
845941,4.0
1098028,3.0
1365319,4.0
2359743,4.0
671876,4.0
1193762,5.0
2483102,4.0
2496042,5.0
556848,4.0
1949855,2.0
525945,3.0
2276649,4.0
687348,5.0
1226928,4.0
1936110,2.0
1370480,5.0
1663569,5.0
716246,3.0
1810896,4.0
2081709,5.0
1055117,5.0
794999,5.0
1556831,3.0
1602153,4.0
2590515,3.0
2418846,5.0
2065684,4.0
1447853,4.0
1999186,3.0
1945775,3.0
818416,3.0
1272223,4.0
1963140,5.0
1331551,2.0
366233,1.0
1097620,3.0
1288959,4.0
442963,4.0
919361,5.0
159159,5.0
872617,3.0
2354601,4.0
324326,4.0
1577560,5.0
719110,2.0
2156630,5.0
518137,3.0
102442,4.0
626868,4.0
1687347,1.0
79811,5.0
1257444,5.0
2181151,5.0
997772,3.0
2173206,1.0
1375660,4.0
328844,3.0
837153,5.0
2186436,3.0
2481992,2.0
1574266,4.0
1221163,5.0
1861484,5.0
974823,3.0
1191455,4.0
2522548,5.0
2053378,5.0
1138359,5.0
2042380,4.0
113774,5.0
1158240,3.0
364376,5.0
459443,5.0
1620319,3.0
705534,4.0
1318270,5.0
1318272,4.0
510834,3.0
1279509,2.0
665124,4.0
828344,5.0
709091,4.0
1358777,2.0
1961542,5.0
1862901,5.0
2405540,4.0
2537543,5.0
608624,3.0
2049054,5.0
351002,4.0
1007754,2.0
1867081,3.0
2222026,5.0
417907,4.0
2187741,4.0
390062,5.0
2151105,3.0
1166536,3.0
629711,4.0
1215310,4.0
1335712,3.0
2498387,4.0
18631,4.0
1231384,4.0
2518034,3.0
1232251,5.0
1917301,4.0
2468158,4.0
273576,4.0
1026162,3.0
206243,4.0
1308286,5.0
1557007,2.0
1621374,4.0
466192,5.0
434567,5.0
433713,4.0
531806,4.0
88368,4.0
2583140,4.0
993921,4.0
977703,5.0
2402139,4.0
1402250,4.0
475540,4.0
2051135,5.0
1735893,3.0
1068809,2.0
516571,3.0
1695098,4.0
851231,3.0
1724752,5.0
1789629,5.0
1684516,5.0
1459557,4.0
2204970,5.0
1800701,4.0
2645434,3.0
2048093,1.0
1655656,2.0
2212303,5.0
1445815,4.0
414293,2.0
1000192,5.0
93222,5.0
2438621,4.0
361630,3.0
1744426,3.0
1690571,3.0
2548920,4.0
929769,5.0
122830,3.0
2646342,4.0
1169346,5.0
110308,3.0
1478933,4.0
372791,3.0
1931338,4.0
2405303,4.0
1136984,5.0
1762296,3.0
2131774,3.0
1827112,2.0
1498463,3.0
1217641,4.0
1474064,4.0
2458372,5.0
544147,3.0
2139885,5.0
2080448,4.0
2257488,4.0
1146042,5.0
1681922,4.0
544956,5.0
2145288,5.0
1116110,3.0
1487139,5.0
776187,3.0
2099446,5.0
2105137,2.0
800928,4.0
2100320,4.0
805209,4.0
186578,5.0
1929949,4.0
1253147,3.0
874700,3.0
805207,5.0
349724,4.0
469884,3.0
188991,4.0
2167912,5.0
2461498,5.0
1056900,4.0
686487,4.0
1779151,5.0
1048594,3.0
629544,5.0
2197398,3.0
2067531,4.0
2512548,3.0
1566628,3.0
1999791,5.0
1238258,3.0
463102,4.0
2328825,2.0
158607,4.0
2266641,5.0
2605948,2.0
2296416,4.0
2173152,5.0
1760594,4.0
2107249,3.0
2125368,3.0
312145,4.0
1948311,4.0
1389990,2.0
169854,4.0
2228750,4.0
2594574,4.0
237286,2.0
2534284,3.0
1745870,5.0
1201884,3.0
2248080,4.0
2223033,4.0
910979,3.0
238085,5.0
2022292,5.0
2878,4.0
1278249,4.0
924979,5.0
1361657,4.0
317640,4.0
108032,5.0
416193,3.0
1064554,3.0
779665,5.0
2550431,4.0
1011240,3.0
974530,3.0
2446249,3.0
2229399,5.0
2126435,4.0
552356,4.0
183521,5.0
106933,3.0
1309838,5.0
1100350,3.0
1934538,5.0
2056909,4.0
769702,4.0
89800,4.0
1736217,4.0
1440284,4.0
974285,4.0
2280604,5.0
2540516,4.0
2443747,3.0
1920266,4.0
1895592,3.0
1030409,3.0
2393468,4.0
2504544,5.0
325587,4.0
725616,4.0
2028737,5.0
25954,5.0
1095726,4.0
722394,4.0
109079,3.0
1048884,3.0
1912034,3.0
1088293,5.0
1974827,5.0
2579100,5.0
1018168,5.0
1199479,2.0
1010373,1.0
2579284,5.0
1523954,4.0
500282,4.0
813287,3.0
1943753,4.0
2480874,4.0
2632990,4.0
1519349,5.0
1998211,5.0
1872500,4.0
1805871,5.0
1515871,5.0
2330519,4.0
2542439,5.0
1023229,4.0
1634821,1.0
2508652,4.0
1808930,5.0
165247,5.0
43031,5.0
2039053,3.0
276468,3.0
1594074,5.0
2535601,3.0
2339135,4.0
790348,5.0
718634,4.0
2636478,5.0
2079932,5.0
2074189,3.0
1537431,5.0
1609665,5.0
2163939,4.0
2503356,4.0
2364405,4.0
1979715,2.0
836806,4.0
2185187,3.0
1605213,4.0
515686,3.0
1184071,5.0
951185,1.0
1077783,4.0
1446054,4.0
753151,4.0
981800,5.0
1882719,4.0
609262,4.0
2252947,5.0
1563684,4.0
990297,4.0
1091721,5.0
1307983,1.0
1675680,5.0
1507219,5.0
363610,4.0
2151793,5.0
1782657,4.0
512278,4.0
422336,4.0
800136,5.0
870674,3.0
676123,5.0
2410720,3.0
1691501,5.0
325073,3.0
865508,5.0
910687,3.0
940516,4.0
1745463,4.0
1641798,4.0
316276,5.0
2215309,4.0
1105663,4.0
733891,3.0
2388497,2.0
2495738,5.0
539743,4.0
121619,3.0
2197982,5.0
635797,4.0
1128160,5.0
112449,3.0
395105,3.0
1071786,4.0
2303393,3.0
1215591,4.0
630594,3.0
833205,4.0
377937,5.0
1961837,4.0
614278,4.0
2597040,4.0
645772,5.0
2253160,4.0
2393096,4.0
1444287,5.0
1823320,3.0
318457,3.0
2237185,5.0
2043830,5.0
1068821,4.0
1340867,5.0
2054908,4.0
2326386,4.0
650828,2.0
1638252,2.0
398282,4.0
858814,3.0
416384,3.0
356793,3.0
718043,4.0
2212890,3.0
1215846,5.0
2642403,5.0
2403533,4.0
238525,5.0
2012897,5.0
2309534,3.0
526286,5.0
2323490,4.0
1378838,4.0
2375169,4.0
373466,3.0
813553,3.0
2619823,4.0
1322420,5.0
814408,4.0
1510806,3.0
2358642,2.0
973861,5.0
1969939,4.0
2096888,3.0
1964514,4.0
1169361,4.0
2301393,3.0
2445689,4.0
1874618,1.0
2250843,3.0
1518577,3.0
379499,4.0
952095,3.0
74441,5.0
515850,5.0
1939029,4.0
1901841,4.0
665252,3.0
259275,4.0
2260788,1.0
1207816,5.0
1284912,3.0
1788733,4.0
75862,4.0
1594710,5.0
1002117,5.0
390505,5.0
1343562,4.0
187896,3.0
1057037,3.0
1715798,5.0
61810,3.0
943436,3.0
969753,3.0
1306553,3.0
678212,4.0
697970,5.0
1566640,3.0
1967891,5.0
1657258,2.0
574834,4.0
475322,5.0
1366320,3.0
2179777,2.0
1366327,5.0
1213299,4.0
1902838,3.0
376212,5.0
1467844,4.0
1933317,3.0
1286183,5.0
1262403,3.0
1508625,5.0
1818224,4.0
2109681,2.0
2034428,3.0
719094,4.0
2254385,3.0
1397841,4.0
615386,2.0
2344181,5.0
1104959,5.0
2568401,4.0
1352226,3.0
1668157,4.0
948702,3.0
591768,3.0
570446,3.0
2641668,4.0
1911845,5.0
2033362,3.0
2033811,4.0
1629273,3.0
914059,4.0
90051,3.0
1222730,4.0
1062414,3.0
59800,4.0
804864,4.0
394501,4.0
388591,3.0
447707,3.0
1530865,5.0
280448,2.0
1772215,4.0
364238,5.0
770133,2.0
268064,3.0
1706530,4.0
371074,3.0
94807,4.0
2438821,3.0
1735228,3.0
237405,4.0
1490810,4.0
1054783,5.0
2550108,5.0
398616,3.0
787736,4.0
2413936,4.0
2332009,4.0
831494,3.0
2270073,5.0
2054746,4.0
1268349,5.0
638738,5.0
647087,3.0
137943,2.0
1688856,4.0
273945,3.0
2094599,3.0
303177,2.0
1240334,4.0
1710306,2.0
511234,3.0
2343985,4.0
2221951,4.0
2439932,5.0
355078,4.0
1304796,4.0
417739,4.0
2215511,4.0
1011513,4.0
1850071,5.0
287408,4.0
78819,3.0
23487,4.0
1510193,3.0
949829,3.0
1510198,3.0
1312155,1.0
984992,4.0
1812301,4.0
438340,4.0
859350,3.0
983522,4.0
257118,5.0
642596,5.0
114182,1.0
1533591,4.0
298972,3.0
896630,4.0
258598,5.0
1963985,5.0
1910947,3.0
1194713,4.0
2324556,2.0
338349,5.0
1077945,3.0
1413367,4.0
22537,4.0
2238612,4.0
1719457,5.0
1265511,3.0
699827,5.0
1537068,4.0
452299,3.0
1954597,3.0
1728944,5.0
46440,4.0
2201882,4.0
305344,2.0
1407307,2.0
1500625,4.0
353820,2.0
666998,3.0
1265998,5.0
1942798,5.0
1253718,4.0
2479736,4.0
428059,4.0
1018632,5.0
2626808,3.0
688051,3.0
2161938,3.0
1001654,4.0
138649,4.0
1937750,3.0
400793,5.0
888450,4.0
377530,3.0
2132124,3.0
741089,4.0
1563443,5.0
705166,4.0
974864,2.0
1191490,4.0
1216387,4.0
1559083,4.0
846480,1.0
2189638,5.0
707987,3.0
480142,3.0
506953,1.0
1143825,3.0
1634975,5.0
1221349,2.0
608554,4.0
1962325,3.0
841593,4.0
304910,4.0
1988919,4.0
277741,4.0
1987233,4.0
824540,3.0
193885,5.0
627333,3.0
948398,4.0
59140,2.0
1710821,5.0
119552,4.0
2121285,4.0
424851,5.0
2558442,5.0
70976,1.0
233778,3.0
2625058,4.0
1919269,4.0
2273266,1.0
2585112,2.0
1656593,3.0
1961675,3.0
83366,5.0
347260,4.0
2322250,4.0
1047298,4.0
2300862,3.0
14682,4.0
1728377,4.0
2386506,5.0
1637761,4.0
2033602,5.0
1553965,3.0
1141213,3.0
2566835,1.0
792801,4.0
615914,4.0
1989892,4.0
2022462,4.0
1177848,4.0
2402173,5.0
1965893,4.0
2376730,4.0
779144,3.0
2617189,5.0
856801,5.0
899984,4.0
192869,4.0
40450,5.0
2115145,3.0
262862,3.0
1634075,5.0
2505518,4.0
1361441,5.0
1816985,4.0
1570077,4.0
1304115,4.0
2115720,4.0
1288210,3.0
567909,4.0
1891884,3.0
2233207,4.0
483553,5.0
2550711,2.0
330771,4.0
652331,4.0
923889,4.0
958687,4.0
1194542,4.0
186506,2.0
881913,4.0
339560,4.0
2557596,3.0
155064,4.0
377329,4.0
2065501,3.0
60303,2.0
1124641,4.0
684590,2.0
1824353,4.0
1549284,4.0
712752,4.0
1763788,3.0
1545709,5.0
2637098,2.0
2154920,4.0
2495256,5.0
594385,5.0
803128,5.0
1330588,3.0
1501056,4.0
776411,5.0
868874,4.0
308422,4.0
998271,2.0
1729402,4.0
452974,5.0
1309680,4.0
1892529,4.0
218199,2.0
1875549,5.0
1635850,2.0
2331306,2.0
866430,3.0
1954166,4.0
2469788,4.0
316931,2.0
1395688,5.0
1421498,4.0
926900,1.0
2503583,4.0
852389,3.0
1242066,1.0
2468881,2.0
2489070,3.0
807603,4.0
328364,4.0
1087551,2.0
1705463,3.0
1702753,5.0
1163477,5.0
1191821,5.0
831151,4.0
2069442,5.0
592734,4.0
1059144,4.0
2135817,5.0
1271816,4.0
9375,4.0
650202,5.0
269689,3.0
1392742,5.0
1819462,3.0
610739,3.0
2041372,5.0
714349,4.0
1761208,2.0
1035969,5.0
1782465,3.0
879196,5.0
2531323,3.0
1456974,4.0
1878798,1.0
2116932,3.0
2244849,3.0
1948352,2.0
692964,5.0
736927,5.0
962868,4.0
2228796,4.0
1188440,2.0
2615552,5.0
1138277,5.0
579707,5.0
628670,4.0
688590,4.0
230211,5.0
1125890,4.0
2479131,4.0
2162531,3.0
2613898,5.0
1327352,5.0
735007,2.0
2068909,2.0
2647888,5.0
2534796,2.0
886938,3.0
1969676,4.0
1371422,3.0
718692,5.0
437111,4.0
2608805,5.0
1480571,5.0
2126168,4.0
1777952,4.0
1123445,5.0
2339102,4.0
803468,1.0
1835421,4.0
1527900,5.0
1742805,4.0
1847802,3.0
1147900,4.0
910244,5.0
2056943,3.0
2024364,3.0
2533141,4.0
47669,4.0
818816,4.0
1921715,3.0
2152856,3.0
510438,4.0
1417705,2.0
1596471,3.0
566993,4.0
288334,5.0
983097,3.0
2215535,2.0
1244197,4.0
525168,4.0
988972,3.0
1232404,4.0
778170,5.0
1487347,3.0
1060693,3.0
680045,4.0
950518,2.0
161013,3.0
554587,3.0
924192,4.0
1154287,4.0
740041,5.0
1469659,4.0
2472771,4.0
2354382,4.0
1448959,4.0
2082452,4.0
1891748,4.0
977533,3.0
1428041,3.0
1421023,5.0
835473,5.0
2600762,4.0
2532540,4.0
249000,4.0
1489374,4.0
2409611,3.0
2051709,4.0
1974130,5.0
1138870,4.0
2286322,4.0
2378038,3.0
154635,3.0
443034,1.0
634242,3.0
1303241,5.0
1303244,4.0
208113,4.0
1591646,5.0
1395967,3.0
1583564,5.0
2034654,3.0
1462211,4.0
1777527,3.0
1575903,3.0
1336860,4.0
2012350,3.0
974136,5.0
1690079,4.0
2488713,4.0
968906,4.0
1979280,5.0
1718526,4.0
105087,5.0
98572,4.0
1082237,3.0
1765645,3.0
397549,5.0
1658734,5.0
846314,4.0
2279291,3.0
1155628,2.0
475537,3.0
2292382,4.0
1058930,4.0
2267431,4.0
2073795,4.0
962497,3.0
1446018,4.0
874829,4.0
2280950,4.0
1411286,4.0
817545,2.0
2240135,5.0
2362135,5.0
321545,3.0
74320,5.0
2477652,3.0
118224,5.0
329712,5.0
6065,4.0
348661,3.0
790309,4.0
553969,2.0
473399,3.0
2041742,1.0
274273,5.0
2045846,4.0
914155,4.0
1184912,4.0
1702270,4.0
623818,5.0
83961,3.0
1376249,4.0
2035299,3.0
1715001,4.0
105224,3.0
105221,2.0
936354,5.0
1771220,5.0
895641,3.0
1182139,1.0
102028,5.0
960135,5.0
152134,5.0
2134424,1.0
287825,3.0
1028818,3.0
795510,4.0
1489576,2.0
1314645,3.0
955334,3.0
1022629,3.0
2539763,4.0
2298717,4.0
2293522,5.0
1480900,3.0
1029146,4.0
655121,3.0
29892,3.0
588086,2.0
1934459,3.0
184008,4.0
289953,5.0
1491358,4.0
1017647,4.0
2107564,5.0
1178902,3.0
573995,4.0
1663888,3.0
483107,3.0
1848725,5.0
2250150,4.0
2382998,4.0
1715879,5.0
1543132,5.0
525597,3.0
941600,3.0
2491189,1.0
2400911,3.0
2138216,4.0
691717,4.0
728171,4.0
1160858,5.0
2076787,5.0
2082328,5.0
778780,5.0
2079367,5.0
1880037,4.0
1709076,4.0
2628708,1.0
1880039,3.0
433803,3.0
370735,3.0
1857952,5.0
2356860,4.0
2548328,4.0
474700,4.0
300765,4.0
832959,4.0
1580159,3.0
1617685,4.0
2616306,4.0
2402629,4.0
872882,4.0
616470,5.0
2382354,4.0
215554,4.0
1975414,2.0
2413156,5.0
612504,5.0
1367764,5.0
755774,4.0
1807140,4.0
424513,5.0
2315006,3.0
2335653,5.0
1102923,4.0
2154308,3.0
1945493,4.0
1928633,5.0
1653565,3.0
2108113,4.0
2073205,4.0
1370323,3.0
1707569,2.0
2078968,4.0
504047,2.0
430575,4.0
739313,3.0
731592,4.0
791523,4.0
1778848,4.0
671555,5.0
2543544,3.0
247760,4.0
697054,4.0
2599758,3.0
2428018,5.0
60183,4.0
1881326,1.0
874451,3.0
2387463,3.0
1671330,3.0
864023,4.0
2388228,3.0
489702,1.0
121486,4.0
1173570,4.0
2588510,5.0
1678903,5.0
2241741,3.0
767590,4.0
342103,2.0
1286143,4.0
1761229,3.0
2384044,4.0
393903,4.0
2441343,2.0
551162,4.0
1389855,3.0
199609,5.0
1281114,5.0
1524853,4.0
43608,2.0
633283,5.0
851848,3.0
1006983,4.0
1104997,5.0
1784723,3.0
958067,3.0
411615,3.0
2340706,3.0
690724,3.0
2105883,5.0
830971,3.0
313535,4.0
1368378,4.0
675279,2.0
575167,4.0
599880,4.0
466842,3.0
2486584,4.0
1918071,1.0
2331421,4.0
1048069,3.0
2198170,2.0
1029287,2.0
285387,3.0
565401,3.0
1596982,4.0
1525752,5.0
1545783,5.0
474492,3.0
700148,4.0
1224025,5.0
2507537,5.0
360972,2.0
643813,3.0
252516,5.0
306001,4.0
1035326,5.0
1050867,3.0
237263,2.0
275600,4.0
254777,4.0
2581488,4.0
1862862,3.0
1113036,4.0
1816884,5.0
2323358,5.0
1627955,1.0
1970765,4.0
488256,5.0
1207218,5.0
547380,3.0
453625,5.0
932954,3.0
29403,5.0
1532976,3.0
762349,3.0
2025860,3.0
993775,4.0
2162803,4.0
1145251,4.0
814304,4.0
2561682,5.0
474114,3.0
1064648,3.0
607560,5.0
946795,5.0
202667,3.0
462685,4.0
848094,5.0
405514,4.0
2543844,3.0
191823,4.0
1256620,4.0
1973951,4.0
1269656,4.0
520465,2.0
541557,5.0
2557141,3.0
965075,4.0
545026,4.0
1191347,4.0
1081292,4.0
535886,4.0
733887,3.0
2007993,3.0
2102700,4.0
1744093,4.0
1241395,4.0
1744097,5.0
1826163,4.0
1984835,4.0
992421,4.0
2059101,5.0
861482,5.0
816301,4.0
2012875,2.0
2588686,3.0
142436,1.0
1759285,4.0
1108856,4.0
86051,4.0
1950507,3.0
2573902,2.0
921499,5.0
2256160,3.0
69809,3.0
642736,5.0
354344,1.0
1160646,3.0
2508962,5.0
2353246,3.0
554063,4.0
1285431,1.0
1696308,4.0
1703879,5.0
2194204,4.0
2491423,4.0
843570,5.0
2427632,4.0
2436472,3.0
1074237,3.0
130488,3.0
2301418,3.0
2375380,4.0
258332,2.0
1945809,4.0
117492,4.0
1187026,5.0
573337,4.0
2431172,3.0
2554942,4.0
2025883,3.0
687532,4.0
1059536,4.0
2167698,1.0
2450042,4.0
1114846,3.0
1759021,3.0
2006715,4.0
154214,5.0
2590625,2.0
1658662,3.0
2001296,3.0
2016521,4.0
349331,3.0
1337084,3.0
1646618,5.0
1804362,4.0
1623723,4.0
1939218,4.0
1866750,5.0
2343371,4.0
748377,4.0
2186920,3.0
943593,5.0
97608,5.0
850678,4.0
1225682,3.0
1571299,5.0
2045827,5.0
682319,3.0
1898553,3.0
2147047,5.0
1153365,5.0
1811399,3.0
176774,3.0
639610,4.0
2623729,4.0
2120117,3.0
293198,5.0
1852040,4.0
2296610,4.0
1605987,3.0
679222,4.0
2637187,5.0
2165695,5.0
2291079,5.0
1120126,4.0
1725081,5.0
1970957,4.0
1424487,4.0
2228457,3.0
2033466,3.0
2447365,4.0
2639583,4.0
1735019,5.0
2044154,4.0
701179,5.0
2551483,5.0
2216803,5.0
899412,4.0
1629801,3.0
779760,5.0
1409759,4.0
2033641,5.0
876697,5.0
1401561,5.0
1228106,4.0
179210,4.0
2133136,5.0
377907,4.0
752867,4.0
471267,5.0
620741,4.0
137594,5.0
2474462,5.0
1256895,3.0
2093515,3.0
533379,4.0
735635,5.0
2308175,4.0
2566514,4.0
2455086,4.0
1830601,4.0
1233962,5.0
2085613,4.0
1910719,5.0
2511879,4.0
707434,4.0
2217600,2.0
2004524,5.0
832977,4.0
2183198,5.0
1871973,4.0
1307002,4.0
606809,5.0
318920,4.0
2079894,3.0
912544,4.0
1957216,5.0
1501018,3.0
1707368,3.0
47140,4.0
2038196,4.0
1565997,4.0
2020353,4.0
1534845,5.0
1629710,3.0
2757,3.0
566016,4.0
566017,4.0
39242,4.0
595279,3.0
2219650,1.0
1944765,5.0
1649775,3.0
802419,5.0
1338247,3.0
2572311,1.0
2158839,3.0
16558,4.0
639583,3.0
829326,4.0
2614026,4.0
1719571,4.0
1788794,5.0
2608542,3.0
1932270,3.0
110384,5.0
2279366,3.0
2483372,3.0
2483371,3.0
154770,5.0
2555482,4.0
376012,5.0
1745107,5.0
2135891,3.0
1483383,4.0
2482024,4.0
1032165,3.0
568620,4.0
2605672,5.0
2334586,5.0
1813130,5.0
695709,3.0
2415920,3.0
603277,3.0
817916,4.0
1557705,4.0
2296718,4.0
139297,4.0
2448354,5.0
1902897,2.0
1316977,3.0
42811,4.0
689097,4.0
1712629,5.0
1678969,2.0
1004255,2.0
350909,4.0
393928,4.0
1371072,4.0
555069,3.0
1483654,3.0
947104,5.0
1005439,4.0
387157,3.0
2461508,3.0
2511278,5.0
15420,3.0
920816,3.0
164865,2.0
1512991,3.0
1133557,5.0
2418528,3.0
232326,4.0
237752,3.0
2342980,5.0
1866323,3.0
2604811,5.0
1998117,4.0
362008,3.0
53694,4.0
1129621,4.0
2422525,3.0
2603094,3.0
964175,4.0
1436054,4.0
1035650,4.0
902569,3.0
332079,5.0
613492,3.0
1643146,5.0
2393813,2.0
2311867,4.0
2035310,4.0
1371031,4.0
415244,4.0
1749656,4.0
2470194,3.0
1816718,3.0
255440,3.0
876200,5.0
1816712,3.0
1485382,4.0
2250382,4.0
352737,4.0
87687,4.0
1280428,4.0
206893,5.0
2394659,3.0
1366296,3.0
2294196,5.0
2329629,4.0
2325794,3.0
1223912,3.0
1794019,2.0
293417,5.0
2398894,3.0
2204941,3.0
563705,3.0
1312688,4.0
2036752,1.0
2036757,3.0
1043135,4.0
1151461,4.0
2465337,3.0
407115,3.0
534777,1.0
1557148,5.0
18830,4.0
375738,4.0
1510130,2.0
109919,4.0
2360906,3.0
1823735,4.0
1227322,2.0
1325637,5.0
606497,4.0
1661271,2.0
151004,5.0
757760,5.0
1120485,5.0
178886,3.0
1875008,5.0
818857,3.0
2226339,3.0
1211063,5.0
1100710,4.0
2221646,4.0
1532220,4.0
1810833,3.0
1727342,5.0
1358724,5.0
831222,5.0
1557557,3.0
1380302,4.0
774717,4.0
1218586,5.0
1170411,3.0
1841559,4.0
2336531,5.0
1322818,3.0
731133,1.0
366809,4.0
735400,5.0
983523,4.0
1375971,3.0
312997,3.0
1092852,4.0
547874,2.0
2306002,4.0
573311,4.0
1945863,5.0
598243,1.0
968410,5.0
1607747,5.0
1424200,3.0
229472,5.0
592898,4.0
2180261,3.0
130604,4.0
2535052,4.0
1535873,3.0
1291353,2.0
2022983,3.0
1707198,3.0
1398961,4.0
1670839,4.0
29185,4.0
878141,5.0
428610,4.0
2210870,5.0
592094,4.0
488835,5.0
1998128,3.0
1646639,3.0
2581876,4.0
1066071,5.0
1588754,4.0
1615319,5.0
2477348,3.0
2024669,5.0
340492,3.0
1608683,2.0
2552024,4.0
921585,4.0
673671,4.0
205371,5.0
2563721,4.0
806277,5.0
854756,4.0
1072466,3.0
1079165,3.0
1005883,3.0
1120246,3.0
376600,4.0
221926,5.0
1246164,4.0
2359836,4.0
491766,3.0
18786,3.0
1507749,4.0
1290406,1.0
2165811,3.0
2118614,3.0
1408249,3.0
1109043,5.0
471869,4.0
180899,3.0
1688316,3.0
1141762,4.0
1377882,5.0
600724,5.0
2469740,5.0
1125991,2.0
1428535,4.0
203433,3.0
604173,5.0
1760721,4.0
2031937,3.0
494732,2.0
285881,3.0
112991,4.0
609629,4.0
2211296,3.0
400876,5.0
769789,4.0
2186270,2.0
13017,3.0
2086623,3.0
1486710,5.0
1071161,5.0
699412,4.0
385136,5.0
1568024,5.0
1165236,5.0
1966998,4.0
2154287,3.0
234916,5.0
2593384,4.0
1664010,5.0
1855098,5.0
1961619,3.0
883478,2.0
549045,4.0
1190829,3.0
169063,2.0
272248,3.0
769129,5.0
1939431,3.0
2596719,4.0
1192681,4.0
1100528,4.0
2283366,3.0
1744913,4.0
156078,4.0
2282361,5.0
415813,3.0
1766397,5.0
1273304,3.0
259581,4.0
1373866,2.0
1160232,4.0
2246923,4.0
983246,4.0
1061911,3.0
1864088,4.0
1860246,5.0
499257,1.0
1916555,5.0
397001,4.0
224298,3.0
2170822,4.0
1957148,4.0
965330,4.0
737489,4.0
1823941,5.0
887893,3.0
1703994,4.0
2508228,5.0
1884794,3.0
2232148,4.0
1317259,1.0
378033,4.0
240716,4.0
372730,5.0
2523426,5.0
903296,5.0
499768,4.0
348835,4.0
618656,4.0
901520,4.0
1454796,3.0
1800459,5.0
214205,4.0
2599718,4.0
2118044,4.0
2444953,4.0
1695436,4.0
1827533,3.0
741340,3.0
452919,4.0
2449356,5.0
617164,5.0
1980203,1.0
686685,3.0
310101,4.0
1191081,1.0
524227,1.0
2128,4.0
192618,5.0
393945,5.0
1190685,4.0
674590,4.0
2482518,3.0
404706,4.0
830937,5.0
745317,3.0
1466762,5.0
320854,5.0
2373995,3.0
131,2.0
592132,3.0
705665,2.0
969826,3.0
474106,4.0
246980,3.0
2080240,3.0
768518,5.0
1658101,4.0
598790,3.0
1627242,2.0
1853520,4.0
2231979,4.0
1441441,3.0
2014889,3.0
317138,4.0
1018633,5.0
2290519,4.0
886998,4.0
886992,4.0
194351,3.0
836694,5.0
407542,2.0
2329026,4.0
1646405,4.0
2223508,5.0
1173289,4.0
722753,4.0
727500,5.0
1167767,5.0
2389860,3.0
2397061,3.0
2387845,4.0
788852,3.0
949121,3.0
2551589,4.0
288343,4.0
280112,4.0
737905,3.0
1238187,3.0
1581812,4.0
2174467,5.0
111086,3.0
2116667,1.0
229560,5.0
1130837,2.0
587610,3.0
331432,4.0
595047,5.0
1103813,3.0
471654,4.0
982205,3.0
845384,4.0
1891149,4.0
2151107,4.0
2226134,3.0
1080030,4.0
2602740,5.0
1318489,3.0
2253226,3.0
1851786,3.0
1225824,4.0
2561536,3.0
1744054,5.0
716173,5.0
2227629,5.0
1661216,3.0
1814991,3.0
1259071,3.0
289710,5.0
1333196,5.0
868620,4.0
72176,4.0
170178,4.0
1242529,2.0
1684416,4.0
1790092,5.0
1218030,5.0
1383829,3.0
1806991,4.0
2095395,5.0
2007483,5.0
961541,3.0
2639043,5.0
2115643,3.0
941431,5.0
1194467,5.0
2421104,4.0
1170165,4.0
760316,4.0
1695600,4.0
366863,4.0
1322839,4.0
1010649,4.0
1337699,4.0
2178550,3.0
1322292,3.0
2484060,5.0
1198891,4.0
953002,3.0
1198329,3.0
2431353,4.0
1153186,3.0
2592591,4.0
1488032,5.0
1348088,4.0
916090,4.0
51247,1.0
1679839,4.0
2405267,5.0
2157264,3.0
1450558,4.0
1498236,4.0
1900514,4.0
306548,4.0
1820004,4.0
2234845,3.0
1930099,4.0
2234668,5.0
1937280,3.0
1632435,3.0
1476852,5.0
2285616,4.0
1550718,4.0
1951144,2.0
1770196,5.0
602628,5.0
2235641,4.0
2214772,2.0
635574,3.0
1693762,4.0
277204,5.0
2386920,2.0
2039301,4.0
376197,5.0
1329072,3.0
16273,3.0
16272,5.0
1524205,4.0
2547553,5.0
1009576,4.0
42275,5.0
1227701,4.0
2318583,4.0
2164873,4.0
2318588,5.0
2631849,3.0
682688,5.0
90332,4.0
1005606,5.0
49585,4.0
247446,5.0
1104894,4.0
2459106,3.0
2430909,5.0
2506564,4.0
1852551,4.0
1092521,3.0
2013040,2.0
1600594,5.0
1116907,3.0
1552874,4.0
1993625,5.0
1924936,5.0
1733289,5.0
1932348,4.0
1032463,4.0
135909,4.0
2277041,4.0
2329953,2.0
1118948,2.0
1433378,4.0
596550,3.0
157051,4.0
605577,4.0
1455810,3.0
1225643,3.0
797632,3.0
2216592,4.0
1279198,4.0
1832780,4.0
108779,3.0
565589,5.0
1101086,4.0
1640822,3.0
1436486,3.0
1512017,4.0
1918750,4.0
969461,4.0
935936,4.0
981936,4.0
987034,3.0
2268851,5.0
2016667,4.0
2349412,4.0
2025286,5.0
640464,3.0
1273033,3.0
892278,4.0
62060,5.0
958575,3.0
1187676,5.0
638657,3.0
27517,4.0
1204865,5.0
467392,3.0
2582367,4.0
337545,3.0
330261,3.0
398482,4.0
648932,4.0
2536547,3.0
511883,4.0
1030566,4.0
1502648,3.0
2509336,3.0
2397231,5.0
2393039,3.0
1725155,2.0
1157950,4.0
1709234,2.0
301871,4.0
1524855,4.0
1597177,1.0
618820,3.0
2394024,4.0
1347684,3.0
916421,2.0
504243,4.0
2242413,4.0
1459374,4.0
111693,3.0
627935,5.0
2596598,4.0
1638456,2.0
1134816,2.0
740327,3.0
588133,4.0
2630145,4.0
960556,5.0
2170206,4.0
2601024,4.0
50385,2.0
2495395,5.0
746948,2.0
1236134,4.0
1570562,5.0
103950,4.0
286774,4.0
1413031,3.0
838679,4.0
2608501,4.0
1051721,4.0
901648,4.0
1114493,3.0
2475146,1.0
1894721,3.0
1433573,2.0
1828001,3.0
2442283,4.0
1351411,4.0
1903324,1.0
2442531,3.0
2586623,4.0
2233803,4.0
1907534,5.0
714618,3.0
1751262,4.0
464571,4.0
1265630,4.0
1402120,4.0
1976969,3.0
818736,3.0
2261180,2.0
2043759,5.0
824545,1.0
1359449,4.0
21823,4.0
1781536,3.0
505375,4.0
1339156,2.0
1210211,3.0
767570,3.0
1942527,4.0
461931,4.0
1164446,3.0
2188046,5.0
90833,3.0
2609356,5.0
1841108,4.0
2426116,5.0
2481561,3.0
521968,4.0
1772050,4.0
821495,5.0
377763,5.0
2028159,4.0
2510785,4.0
1768448,2.0
2181491,5.0
301272,5.0
1922155,3.0
1723621,3.0
1835802,3.0
1098765,5.0
2266068,2.0
1118884,4.0
999913,1.0
1813693,4.0
638824,4.0
1792238,4.0
1987190,5.0
1240719,5.0
243029,5.0
1862805,4.0
2329552,4.0
2200214,4.0
2570381,4.0
772534,5.0
519760,4.0
519761,4.0
484876,3.0
935238,3.0
1244918,4.0
1408655,4.0
1414339,5.0
471414,3.0
910792,3.0
18914,4.0
1581747,5.0
840254,4.0
831790,3.0
822140,4.0
524873,5.0
2494707,3.0
630498,5.0
328862,3.0
666036,3.0
452667,4.0
2407365,5.0
2351221,5.0
2019800,5.0
435826,2.0
1673965,4.0
433342,3.0
2377457,4.0
230967,4.0
546546,3.0
1617071,5.0
284143,4.0
183435,4.0
1741582,5.0
899649,5.0
671896,3.0
280790,4.0
1278468,3.0
1628475,4.0
1080272,4.0
2475149,5.0
24536,5.0
363868,5.0
2490423,3.0
109831,3.0
1198527,3.0
1589349,5.0
1334853,3.0
1065535,5.0
1640023,4.0
1345275,3.0
982006,4.0
670869,4.0
2194553,3.0
1155234,5.0
1268171,5.0
1936935,3.0
1969230,5.0
2063452,3.0
