716091,2
1990901,5
1481271,3
2098867,4
1945809,4
740327,3
1109700,5
2543544,3
1276913,4
887273,4
1880037,4
779760,5
1242432,2
829326,4
1275329,4
2508228,5
2502462,3
139297,4
862759,3
2007993,3
1408393,2
1379923,4
2271228,4
1056998,5
2503691,5
1296163,3
727449,4
1277134,4
2031561,4
1373383,4
1401310,4
1907667,4
2230271,4
2241806,5
1488844,5
2639583,4
1213299,4
1379632,5
1048199,5
1080030,4
800053,1
335395,3
2258927,3
114393,4
2439005,4
1037308,4
2380973,5
1464366,3
617164,5
14690,4
2285616,4
247794,4
180151,4
1614320,4
70976,1
2486685,5
1217256,5
105942,4
86879,4
1066907,5
2356622,3
67976,5
568620,4
497196,3
349958,4
1017702,4
2480874,4
2382710,5
2325737,3
11197,3
1961542,5
944189,3
1684516,5
1169433,3
984992,4
433803,3
2586623,4
247687,5
574843,4
1646405,4
1093403,2
603277,3
1998117,4
2535052,4
1413031,3
1199658,4
2384779,4
1185149,4
1648646,4
2537039,3
520465,2
2625420,2
2648502,5
2376730,4
1136984,5
92056,3
1198226,4
2644847,4
2482518,3
218097,5
908205,3
46036,5
561754,5
255357,4
105087,5
767240,4
859350,3
652121,4
11456,4
1579371,4
2253124,4
1739513,3
2472537,4
997772,3
1515871,5
755344,4
1760995,4
1176559,5
1574266,4
2325743,5
2271686,3
931005,5
2424721,4
987034,3
1099041,5
1341444,4
1650301,2
611315,3
1032463,4
2234668,5
1230594,2
2259898,4
424286,4
1216387,4
2260788,1
155818,3
83540,4
1951144,2
1770196,5
1409469,5
1327944,4
2610157,3
37188,4
1049643,3
438035,5
291645,3
1686685,3
818736,3
2212890,3
2162424,4
353820,2
2312045,2
1375971,3
2524741,3
756559,4
835548,3
1844586,5
387189,5
407542,2
2619959,4
1393360,5
2007217,5
1446018,4
1310250,4
443034,1
1903518,4
1363756,4
2071267,4
2500070,4
2012897,5
2536720,4
1977959,4
2004175,3
2142915,5
2439795,5
2206777,4
172720,3
2511879,4
188991,4
318920,4
1782657,4
543865,4
2331306,2
1424200,3
47411,4
1946227,5
259348,5
1454357,3
2220846,4
2604070,4
1771589,3
958382,4
1387049,5
360830,4
1984086,3
1222878,4
2645579,4
1861478,4
914059,4
294948,5
926857,2
2568401,4
548966,5
2605003,4
547570,3
1207816,5
1786694,4
1628475,4
621640,3
873230,5
489962,3
512899,5
2297863,3
790505,4
1417435,3
2091892,4
1144568,4
834933,3
1059144,4
1929109,5
327179,4
756316,4
1900854,5
17184,4
287825,3
1852551,4
1771516,4
683427,3
789846,4
511234,3
1989892,4
2309534,3
786415,4
1703680,3
1227576,4
867192,5
1752638,5
518123,3
609262,4
1243789,3
83720,3
1020583,3
2168178,2
1218030,5
1730592,4
392146,4
38244,4
1258602,3
217838,5
2294267,4
340091,3
317108,3
2145399,3
2413088,4
2552504,4
2043617,4
276860,3
1498586,4
396567,5
1982465,4
1249686,3
333277,4
1712438,4
1120485,5
2617841,3
693771,2
113549,4
1177218,2
2497163,4
2376370,5
2097995,4
1523159,4
1517471,4
774717,4
2541025,1
1315056,3
2417642,3
499718,4
1366714,4
1629710,3
2312054,1
1125890,4
2416619,4
1954341,4
2114851,4
656460,4
78014,3
1030566,4
2162641,3
1510198,3
447407,1
2201074,5
180899,3
1874317,4
1079295,5
248039,5
6065,4
2268573,3
262633,3
800136,5
1216429,5
329712,5
899412,4
262411,5
999913,1
2290519,4
1492487,3
606271,4
1336860,4
1911520,3
303948,4
2268800,4
2397231,5
1173459,4
734508,3
1454796,3
1063838,5
2354047,5
2228796,4
1257103,4
2244849,3
1224299,4
61274,5
2030523,4
584078,3
129367,4
281851,5
41371,4
185564,3
107840,3
2294883,4
1830601,4
2086264,3
1599243,5
462685,4
247760,4
1938964,3
639194,5
287439,4
937847,4
1035650,4
695934,3
2351221,5
2575943,4
1888537,4
746948,2
2151107,4
1705674,5
196090,5
798841,4
1812802,5
1033815,3
1808930,5
1645535,3
1206843,3
245808,3
2036757,3
1061147,2
1867081,3
1597207,4
2320969,5
1176077,3
792568,5
1530995,4
874253,5
1147900,4
1320185,4
1253718,4
2132276,5
1559187,4
2554745,3
629544,5
1922155,3
1938019,5
1399335,3
1675063,4
1673185,4
945258,5
901467,4
1451183,3
2602249,3
158590,4
1229372,4
617134,5
1227322,2
709091,4
190237,2
1990523,4
2612889,1
1400206,5
466322,3
2491620,3
2337212,4
1048939,3
1026298,5
2487958,4
1794933,3
2465894,3
245884,4
279960,3
2502315,2
1528628,5
2040209,1
1799495,3
554529,5
1206353,4
1558304,4
1177165,5
2173758,4
2240135,5
2247388,5
2180261,3
2083166,3
1505884,5
1428041,3
1118884,4
817545,2
290215,3
1608683,2
2594574,4
2186436,3
1236924,4
740041,5
127579,5
337860,5
1220170,3
1358681,4
148550,5
747755,4
1027819,2
1632290,4
1107022,4
820785,1
2203244,2
1077945,3
1232404,4
1127019,5
2371550,4
1805888,3
2280950,4
1187949,4
722833,5
1963985,5
2507537,5
2600674,4
110384,5
515686,3
2132124,3
983246,4
2412030,5
2159447,5
1443679,5
909663,5
375726,2
2503676,3
1705463,3
793582,4
1135038,5
1823259,4
1582412,3
929308,4
471414,3
2559157,5
1633178,4
2468881,2
1541724,4
2404678,3
546546,3
1289990,5
901694,4
2107564,5
2461508,3
1037424,5
631636,4
1989144,5
1244810,4
2073205,4
1112212,4
328509,5
1197233,2
2562153,3
1944516,5
2630072,5
500526,3
883797,3
1413219,4
2444932,3
595047,5
588953,4
917939,5
219232,5
692694,5
1130826,3
1080872,4
527777,4
1735228,3
960023,3
1916224,5
816549,4
700148,4
876200,5
2301393,3
2208806,4
2481561,3
347583,5
1602952,2
357507,4
1408449,2
2133136,5
309333,3
1036139,4
1894675,5
1225682,3
1765712,4
665803,5
482302,3
1322839,4
1998211,5
1179117,3
700548,4
2114263,4
1447907,4
1886247,4
1928445,2
2638753,2
2067044,4
1366296,3
815277,5
35206,2
25533,2
935238,3
1895592,3
408536,4
2362548,5
1373500,3
475540,4
66109,5
1239815,2
2102030,5
1023229,4
1857952,5
2046765,4
484675,3
1969230,5
1103813,3
919479,3
162134,3
1638678,5
588007,5
57389,4
1763788,3
129482,3
257118,5
1559165,5
1916244,3
1154287,4
1466762,5
2072798,4
1782465,3
1684494,3
60303,2
2528057,4
525356,4
1611803,4
83150,4
738080,4
425045,5
1744913,4
2109681,2
2639089,3
1733406,3
2121810,1
2387961,4
328364,4
974864,2
379986,4
1464746,5
2566515,4
1589575,5
2204068,5
193416,4
1292217,5
1629273,3
1937486,2
582092,4
2386920,2
2596679,5
612504,5
1030409,3
2096587,5
1288210,3
807603,4
1009622,4
1533452,4
1424487,4
680226,5
2470194,3
2065501,3
692268,3
2331635,4
769789,4
2145575,3
401047,5
2036360,3
680328,4
2575145,4
1691792,3
173433,1
1684624,3
1265763,5
31835,5
2059967,4
1318270,5
1637761,4
824828,5
211976,3
473462,4
1446294,4
1426178,4
2624195,3
2523055,3
2616306,4
701179,5
1716910,5
1319449,4
1822241,2
1929949,4
1890104,4
2434675,3
273945,3
1509395,4
424851,5
2127755,4
2300862,3
1396693,3
1520095,3
2528088,1
1301701,4
995437,5
1416836,1
1784017,4
2501391,5
1784150,4
2104131,4
2449881,5
1199523,2
1741099,5
1952492,4
1294445,4
942668,4
288956,3
372791,3
1892529,4
875956,5
1149582,3
2426984,4
1133051,5
297901,5
1503647,3
923889,4
1851951,4
1814136,4
380854,4
1714902,3
2539763,4
2216056,5
1228534,4
2589619,5
415244,4
2495738,5
1176800,2
819314,4
1309838,5
319258,5
40448,5
2604811,5
1266882,4
1344143,4
2045827,5
214589,3
212332,3
921499,5
1459686,5
790309,4
2085613,4
1138359,5
2254664,4
261348,3
2266166,1
973538,5
1199479,2
1573507,3
648932,4
1937750,3
1235769,1
2520513,4
2528078,3
41153,3
505375,4
1187171,4
299165,4
1226270,4
544147,3
856801,5
1753942,5
2223508,5
1002117,5
1731826,4
1474282,4
2631038,5
555886,4
304910,4
1696308,4
2474555,4
1000678,5
2316419,3
2177092,4
2635059,1
156078,4
926579,3
2079367,5
2367755,3
1023101,4
1608757,2
1107636,4
1725155,2
901520,4
1615319,5
1231207,4
2608903,4
787736,4
1588754,4
53243,3
2220537,1
1731106,2
2515643,3
459772,3
226326,4
829721,3
688590,4
1980203,1
319369,3
2012180,4
556776,2
2530252,2
2302115,5
1213676,3
591768,3
818816,4
431625,5
1366847,3
861482,5
1950507,3
644464,4
333828,4
1251127,5
1195319,5
1723368,4
1719457,5
1104894,4
274365,3
23421,4
722006,2
1456621,3
1064167,5
1423310,3
2561536,3
2401585,5
1511683,1
2084891,2
2014569,5
2203651,4
1973594,5
478827,5
2274861,5
2560168,3
515850,5
1423956,4
2534284,3
1338247,3
249288,5
238525,5
1810074,4
314759,3
169063,2
1221477,5
481700,4
1260001,4
2465236,5
1859573,3
993921,4
803911,3
583554,3
2373995,3
1791599,3
386510,4
962384,1
2389729,4
447930,4
1181037,4
100582,3
1220431,4
420191,2
2393719,4
1903911,3
2496628,5
955706,4
718043,4
2239241,5
1328031,1
2282032,5
2185187,3
1801389,3
229617,3
1322717,4
2289273,3
2504343,5
1954639,5
2561713,4
503235,3
753836,3
2535126,4
2223740,5
565589,5
1422682,4
1508625,5
376204,4
675306,4
868313,4
940583,4
1449107,4
1790092,5
1642319,3
951446,3
1583564,5
2466146,3
2604976,4
2535470,2
2178153,4
1904729,3
785031,4
1816718,3
208113,4
2086851,4
818025,5
2180318,3
2595753,3
2425195,4
1977612,3
312145,4
1957216,5
1335336,3
2424839,4
2471811,5
1103969,3
1687759,5
1746056,4
313046,4
411396,3
2238612,4
2029320,5
1242367,1
2516788,4
657543,3
1597177,1
1318168,5
1927580,3
915532,4
467230,2
2331813,5
843570,5
157051,4
2020368,5
716874,5
2023518,4
735635,5
2152838,3
1491667,4
1932348,4
682319,3
89800,4
2047145,5
2353991,3
2587528,4
1687191,3
2196366,5
1561406,4
1388266,4
654341,3
2162539,4
1750396,5
860839,3
2621846,4
2430251,4
697240,3
1600039,2
1455810,3
874817,3
2640203,3
103619,4
874829,4
892229,3
188678,4
2602396,1
779144,3
2237950,4
941600,3
419599,5
2317868,5
2034428,3
2619515,2
1461994,4
691878,3
595279,3
737728,3
2003798,3
1640539,4
962868,4
316931,2
2201323,4
932954,3
202667,3
1012904,5
2250843,3
2334536,4
1474319,5
1651253,4
217609,5
2253160,4
186506,2
1969676,4
1814098,3
1937376,3
1000192,5
917647,4
707166,5
458252,5
2508652,4
929277,5
199769,3
1389451,2
1249577,5
1728377,4
2251582,3
1991601,3
22663,4
2470582,3
981936,4
2195747,5
1990316,4
2301418,3
2030513,3
395747,4
617093,3
1663569,5
1158291,5
1862901,5
349572,4
1352226,3
2046079,2
1091721,5
737489,4
2547553,5
830971,3
556045,5
1897862,5
1062351,3
432983,3
2319621,3
123707,4
2602207,2
2550423,4
1266793,5
434567,5
2121285,4
1623333,5
1621374,4
1099072,4
2435667,5
602147,5
1535873,3
969643,4
1134816,2
727242,2
257622,4
659592,4
2569992,4
2608805,5
49585,4
1425875,5
1897659,5
642596,5
710801,4
1208894,5
565083,3
521825,5
2114069,5
2229364,5
1961619,3
180653,3
1536492,2
1097275,5
187896,3
876697,5
557723,5
2248489,3
994838,5
879594,5
2453729,3
1037347,4
428168,4
2438241,3
1013177,3
248393,5
2534796,2
1270565,5
519760,4
724224,4
512117,4
2363481,3
883478,2
1421858,3
1485198,4
2649166,2
1884467,4
1098790,5
802786,4
1921715,3
2402629,4
269689,3
1796072,5
1709921,5
2330565,4
867275,4
2413767,4
496887,4
40563,3
474700,4
2294328,3
1225475,4
2001615,4
2386598,3
1662714,3
478176,5
1629169,4
1596471,3
241772,4
1408938,2
1315654,3
2415920,3
2096888,3
1894853,3
339560,4
56371,4
960135,5
787352,4
2525605,5
1908873,4
1961837,4
1320959,4
2266068,2
1408237,4
1838912,3
2484674,4
1932270,3
223803,5
1056435,5
415663,5
2141223,3
627333,3
2100210,4
1427380,5
2535601,3
1744054,5
1936935,3
1228535,4
91990,5
1674237,4
315644,3
2324019,4
150461,3
1203445,3
1217301,4
1095726,4
469884,3
1600209,3
1371422,3
732493,4
1480151,3
2049054,5
1096396,3
248239,3
1272379,1
586694,5
1822473,3
1750544,4
2301000,5
371923,4
2636960,3
803128,5
969753,3
563019,5
1387830,4
1244918,4
1347991,3
830370,4
1539730,1
1918957,5
2221050,4
257382,5
88959,4
2237178,4
2118994,1
1918316,3
491766,3
2239625,5
911164,4
2228457,3
1435555,3
972193,5
285387,3
1462488,4
2636168,4
240121,3
1984187,3
190474,4
199257,4
498648,4
1396046,5
2617913,1
752197,5
862158,3
2056943,3
1944765,5
2528558,4
1331551,2
741285,2
43608,2
2084326,5
1145956,2
1965893,4
577103,3
1712904,4
2111120,4
1678969,2
1993625,5
1637405,5
831103,5
284143,4
1042614,4
1992337,4
299464,4
886674,5
2582367,4
2035299,3
1667665,3
519965,3
20392,5
1435361,5
921528,3
796494,4
294330,4
1308778,4
639610,4
2329026,4
104899,5
2128598,3
1946241,4
1761809,4
1524855,4
1549284,4
259497,5
977533,3
1991674,4
636381,1
1979650,3
1194542,4
2015481,5
509231,2
1240971,4
543279,4
466192,5
2307509,4
795530,5
1963094,4
835847,5
1792741,4
2583140,4
356793,3
110288,5
2179777,2
1575462,4
2437901,3
982205,3
415672,3
174365,5
1314869,3
1632435,3
1219818,4
968410,5
206954,3
2294196,5
1749925,5
858814,3
1939822,3
1333196,5
2522548,5
2509336,3
1938313,4
832959,4
2079932,5
536930,3
1370323,3
272946,4
98321,5
2349412,4
2406356,2
27517,4
2414164,4
1574341,5
2181770,3
2066735,2
2100574,1
27929,5
2157973,3
848872,4
2299121,3
511539,3
723276,3
1761229,3
1893955,2
1585794,2
2624474,3
1166446,2
1710237,4
2004274,3
864172,4
2107905,4
543648,4
1317589,5
1524354,3
1703879,5
1852037,4
1147935,5
1055117,5
122830,3
291396,5
2570720,4
628670,4
1829014,3
1342785,5
1037863,4
2244589,5
1255703,4
1097536,3
2878,4
458497,5
238085,5
1107448,4
2588107,4
1021301,5
288334,5
1928633,5
1340455,5
342103,2
1913696,3
711569,4
320854,5
2363803,3
779635,4
701615,4
484048,4
1687310,4
2558951,1
586861,4
623818,5
598790,3
1418477,4
2358564,2
2041372,5
1263404,5
1292808,4
2476215,2
636262,1
1742939,3
1240130,5
2386506,5
1363515,5
2389101,4
94869,4
1521420,3
720744,5
493587,4
2086623,3
851848,3
590984,4
26417,5
756979,3
1166625,3
651531,4
1649582,2
454519,3
747997,1
777750,3
1273296,4
2455086,4
703996,3
285845,4
601147,4
1568541,4
1513514,4
1596982,4
2547661,3
2237185,5
504211,3
102028,5
1295700,4
2414026,4
741851,4
1581812,4
798653,3
610997,4
2436472,3
892545,2
2628708,1
1081292,4
1727342,5
272854,1
1837559,3
1100863,4
1813431,4
386254,4
1317259,1
2617189,5
1172180,2
123097,5
1120627,5
974823,3
2388250,4
68078,5
1763197,1
2198170,2
2393039,3
755774,4
1689425,3
2274365,3
2254872,4
2115962,5
2591337,5
1793777,4
2319382,4
1961694,5
1882719,4
1703994,4
2061317,4
616470,5
1207218,5
1136626,4
1696241,3
329998,4
524672,4
2379200,4
2002671,3
1409728,3
2484944,3
2062350,5
329572,4
2619823,4
1927703,3
1000904,5
599880,4
335457,5
1210717,4
1984835,4
1738784,5
265012,2
46846,3
2349759,4
731133,1
2499437,4
1214382,5
1026162,3
2147047,5
700478,4
618234,3
333168,5
2490130,4
343712,4
2094693,3
1035352,4
1139570,3
946795,5
1992442,4
2089770,4
1029287,2
2550108,5
2543780,4
192889,4
442322,2
477209,4
345793,5
382234,4
2077168,5
254887,5
367344,1
187322,3
2187741,4
1004255,2
1741931,3
1391652,1
1819462,3
1003438,4
2593960,3
1155747,3
592132,3
1501707,4
2639043,5
611531,3
2566835,1
1241107,4
1678903,5
1101086,4
2439493,1
2081709,5
1191490,4
1065138,5
520520,5
2340189,4
2452476,5
530789,5
14728,4
2271496,3
2137112,3
2400443,4
1142880,4
892278,4
1955609,5
1964514,4
1356923,4
543515,1
1328381,3
1323426,4
640464,3
1943753,4
1054542,5
428059,4
878141,5
857880,4
848297,3
2495043,5
1330841,3
806277,5
753693,5
2608375,5
1215310,4
79799,4
674590,4
1240334,4
1068821,4
19117,3
2280493,4
441579,3
722394,4
1141213,3
2140883,4
1802253,5
1151461,4
1632184,5
2267431,4
2596598,4
2514236,4
357481,5
2089577,4
1386457,4
209988,5
1204833,4
192869,4
1395967,3
1377734,4
684917,5
97578,2
2583311,5
1310257,5
2213300,4
1914525,3
1113980,5
420266,4
2173206,1
1952860,5
1661485,2
2601604,4
1341301,2
710178,5
2128971,4
1669517,4
1672449,5
130604,4
596550,3
2062550,4
1813130,5
1810444,4
819240,5
2457153,3
2251259,5
1706530,4
1132596,4
582315,4
214520,4
1644216,4
2081030,4
68959,4
1684232,4
1288603,4
740226,3
1832023,3
2563274,4
485083,2
2159724,3
1303483,2
2033466,3
146462,4
2117562,4
1017698,5
787558,5
147386,5
1635850,2
802419,5
1688856,4
2548920,4
1563506,5
1015900,4
623083,3
1259082,3
593397,2
627503,5
620967,3
2151793,5
2532540,4
652654,3
2478643,4
425908,4
2551483,5
497052,4
676587,3
1805871,5
2058194,4
1987569,4
1800320,4
1087944,3
465118,5
2507646,4
2478282,4
964621,4
366863,4
1710493,5
1230047,4
214593,5
969879,4
1715054,5
1797825,3
2336531,5
2442531,3
2227850,4
1563340,5
537515,3
1500625,4
2390595,3
452919,4
2010768,4
755231,1
1100765,3
243029,5
82020,3
246980,3
474492,3
1529456,5
1846674,5
144961,5
1789430,3
406526,4
1545709,5
2280604,5
2404693,4
393425,4
221809,4
1826163,4
1890591,4
2098079,3
254777,4
421374,2
1712930,4
1022631,4
908401,4
2256454,4
2627394,4
1090765,5
645772,5
2083665,3
361375,3
2442283,4
2066458,3
1709435,4
2248454,5
238740,4
1806991,4
83366,5
1307703,5
1730957,2
2549238,4
1116080,3
1571232,5
1807224,3
955922,3
671440,3
1771220,5
1551945,1
135658,3
2543844,3
8135,5
174783,4
598243,1
814483,4
1195438,3
2402716,5
2161550,5
2611699,5
1163795,4
753555,5
2254919,3
124342,3
314938,4
832780,4
686986,3
2570628,4
1465186,5
1105577,3
51746,3
2398075,2
1206290,3
290700,3
2194044,3
1225643,3
1718022,3
1574503,5
808604,3
1003387,2
562542,4
2431353,4
831494,3
2347743,3
525168,4
1447766,5
1155234,5
214205,4
1570077,4
1018633,5
18631,4
57186,4
1643961,3
2080674,3
1772050,4
526961,4
284399,5
1595102,4
2023883,5
1172249,4
960007,4
1945838,4
2103176,5
1859405,4
1200256,5
817339,4
2138216,4
1905321,4
1939431,3
1959185,3
219174,4
1362041,3
823699,3
1946462,4
1613383,4
2048093,1
887893,3
69809,3
1291600,3
2532609,3
1954597,3
578311,4
2500866,4
2368915,4
998620,4
2333948,3
1928935,4
847616,3
1514886,5
2377457,4
2313765,3
1192459,5
2237514,4
196846,2
2135602,5
318457,3
819338,5
1047368,4
592734,4
963471,4
830937,5
1045223,4
925446,4
2405540,4
415641,4
300253,5
998448,4
642736,5
1139937,5
779653,3
531806,4
934497,3
1318745,5
760316,4
2100003,5
1860850,4
1537068,4
1498463,3
2628225,5
469045,5
2576843,5
1286183,5
29236,2
2436032,3
1213736,4
2388555,3
348661,3
2426116,5
1632784,4
760837,5
1534723,4
2509644,5
50123,4
1461647,4
306347,4
2084548,2
213863,1
123384,5
916743,3
2091461,4
2612172,2
1258099,4
633722,4
1286972,5
2165945,2
2169359,3
2043500,5
2636378,5
1692674,5
1215043,4
952095,3
1353855,4
2283630,5
263291,3
2155681,5
679771,5
165247,5
222518,3
2077527,4
306736,3
1386873,3
2399549,3
1928290,3
2430257,5
964175,4
74320,5
2120117,3
2237249,3
2599262,5
675883,4
1176119,4
974285,4
1392053,3
1300687,3
2488713,4
593770,5
2461498,5
382186,3
559741,3
1860956,1
803468,1
2383871,5
400169,3
2441692,2
993395,3
858574,3
1104997,5
417739,4
175858,4
1759021,3
1410893,4
411843,3
411809,3
288343,4
616375,2
2194553,3
1553204,4
302344,3
2523426,5
1724752,5
1307983,1
1751917,5
907760,3
1361441,5
576984,4
197025,3
1681922,4
1507017,5
1606148,4
2409590,4
18914,4
2154287,3
2448354,5
1299784,5
1832478,5
481049,3
194555,1
2593340,3
1120126,4
1838859,3
1607747,5
2603700,4
2537719,4
414293,2
191823,4
96987,4
2010144,4
814304,4
1144139,3
1456837,3
2427632,4
1771252,2
1401561,5
1325637,5
7116,3
460526,4
1340867,5
2577383,2
548695,5
2152932,5
550309,3
2264426,3
1835802,3
1405029,5
592445,2
2512828,3
530195,2
938294,1
731462,2
2588510,5
1029530,5
387157,3
1496361,4
2114283,5
2102295,4
361630,3
1244273,4
1283042,5
1524964,3
2023244,4
936928,3
1362091,3
1265920,4
113774,5
1930099,4
1010499,4
1123585,5
1723056,4
407115,3
1913023,5
1903582,3
697045,4
1234095,3
707434,4
42487,5
2018977,4
1717288,4
1101518,5
1275277,4
40731,3
544521,3
1755278,4
47589,4
2503103,4
1442105,2
946039,4
1313714,4
1385608,4
1966083,3
678212,4
1079964,3
2600762,4
183435,4
1777952,4
2581032,4
767590,4
2038701,3
2024417,3
283650,5
1999275,2
2033641,5
1756513,5
2491569,4
1225150,3
886227,4
2143797,5
1782189,5
48915,4
1710306,2
134617,3
847776,4
2584252,5
2117999,3
519744,3
202678,1
1898310,3
2035595,1
1313905,4
177103,3
641719,3
1110156,4
24095,4
1430658,4
297742,3
2319377,3
2296416,4
112913,3
959443,5
129749,3
1295803,4
280790,4
1967569,4
858204,5
1901318,3
1473595,4
824540,3
359110,3
1214424,2
575167,4
2542967,4
1623687,3
1004390,4
2212841,3
1723291,3
558323,3
2557141,3
150597,3
62060,5
1085514,5
1478933,4
1624471,3
229560,5
2365208,5
1799398,5
976637,4
1762837,3
1557007,2
1354545,4
1268349,5
1450558,4
506725,5
921783,4
1500388,1
1683746,5
2245859,5
846314,4
1056823,4
445227,5
2407208,5
2607782,4
1222147,3
2127716,5
163205,4
1908565,5
731057,5
1116129,2
937483,4
2132385,3
1742805,4
110308,3
896630,4
2062552,3
470999,4
526286,5
380673,4
592374,5
1160646,3
772891,2
44801,4
1167144,4
1304796,4
1574068,5
2343380,5
627935,5
2314419,3
951185,1
1790656,4
426526,3
1899288,4
167227,4
256465,2
1114362,4
1337153,5
553202,3
2165811,3
2504570,4
2001263,4
508584,4
1022629,3
1495435,4
664230,4
2537502,5
2153610,5
1788733,4
2070798,4
1813586,3
2128219,3
675279,2
127581,4
527559,3
330261,3
984718,4
2297843,3
1417474,5
1689590,3
124942,5
2218826,2
552107,3
926900,1
1279828,4
1695600,4
1045053,3
2070559,2
1960129,4
1279509,2
1804527,4
1092189,4
2352804,3
879196,5
883815,5
1028818,3
1900375,5
1201695,4
2621150,4
851231,3
1090853,3
1178902,3
2043759,5
434041,2
2033811,4
62443,3
268739,4
1364878,4
1118948,2
2389877,5
2534006,4
418075,3
2362208,1
2576648,3
520286,3
952156,4
378033,4
1441549,4
2292140,5
2338019,3
111033,4
817484,4
249000,4
1092521,3
1218586,5
572937,5
2465337,3
1715894,5
774749,3
2227629,5
619048,4
1618502,4
1555169,3
2500894,5
1111556,3
2293522,5
795816,3
986502,1
1485382,4
1709795,2
407037,2
673591,5
2282361,5
1952604,4
852389,3
70483,4
221926,5
1930665,4
1119113,2
1903324,1
2510739,5
1387650,4
2375307,4
556059,4
49927,4
1489374,4
1571299,5
1113933,4
1857067,4
993387,4
1704440,4
1549026,4
2088513,4
2074189,3
901167,3
2486710,3
1299817,4
2418846,5
2494808,5
2031801,3
1939029,4
554078,4
198496,5
92970,4
1462820,4
927583,3
2248080,4
454878,4
1512017,4
788852,3
988972,3
1096946,4
850678,4
2343985,4
652840,3
98586,4
270890,5
2260472,5
2633545,3
818752,4
1287939,4
645873,4
535385,4
1985320,4
503356,4
2257488,4
508852,4
474106,4
39242,4
2332009,4
1443200,3
1048594,3
1648077,5
2151105,3
2640816,4
1151752,5
741709,4
1517590,5
2131817,3
1785367,3
1883039,5
2600868,3
1992646,2
1193242,4
2181542,3
1242406,4
1609665,5
1433573,2
650828,2
1999176,4
2291079,5
718913,4
309713,4
2509044,5
2279052,5
864196,3
2001296,3
2394659,3
128389,3
2217779,3
2304924,4
2646626,4
769702,4
194631,2
612111,1
1580159,3
1469659,4
2249634,4
2020775,3
995169,4
2382246,3
1100528,4
2495395,5
695709,3
2187693,5
276617,3
2132380,5
1241395,4
29892,3
676900,4
2197203,3
666776,4
566017,4
1114846,3
2227307,2
1960239,3
1243711,4
566628,3
1817781,4
2648609,4
1722103,4
676123,5
251613,4
2439017,5
1443417,4
363610,4
59800,4
2452906,5
1605213,4
1217641,4
2123995,4
328862,3
1775284,4
2197982,5
2047805,4
501823,5
726472,3
451699,4
1571988,5
62753,4
1643995,3
2485087,4
1951713,5
1523954,4
2218471,5
904768,4
1971047,3
1264405,4
379062,4
1242529,2
2057141,5
965779,4
705665,2
1161256,4
972914,5
1491873,5
1160858,5
2594528,1
1339481,4
914958,4
719755,4
1919269,4
155064,4
2288257,4
2457095,4
1318548,3
606809,5
1234014,4
562026,3
2013162,5
1690571,3
1816898,4
1380222,3
388143,4
1419103,4
1850490,3
1341553,1
1190468,4
2483371,3
1589111,5
1315827,3
1850143,4
1922072,4
965531,3
1117136,4
991504,5
813236,5
108032,5
2336079,4
1160735,5
1120721,3
613492,3
1969216,5
1809161,3
1466302,5
1876520,1
1170779,5
94807,4
1776884,3
1936110,2
1654947,4
2261180,2
102487,4
1688901,2
1250231,5
550883,3
414243,5
2486584,4
2460659,5
1640067,4
1200461,2
1113230,4
2413875,3
854756,4
1262327,5
194351,3
2076954,4
804602,3
2350212,4
1524853,4
2376898,5
1757328,3
1050678,4
2039738,4
1814637,3
205752,4
790183,3
1615638,2
1446775,4
2505165,2
1631082,3
607560,5
2347526,3
2356870,5
2221646,4
515899,3
1865846,2
1894049,4
1371072,4
1125803,3
2010666,2
2007083,4
9734,4
59140,2
618656,4
2503356,4
13868,4
1492086,3
2494707,3
942007,5
1174659,4
1105029,5
1822126,3
1228066,4
2421781,2
1281114,5
2633797,3
252548,5
829192,4
1390282,3
1611056,3
2058571,5
1967029,3
1753638,5
2194204,4
622934,3
2141037,2
101564,5
2354601,4
2400924,4
804864,4
2379296,3
1402250,4
357690,5
1005883,3
2517669,4
1100798,3
804364,2
912494,4
2167214,4
2233998,5
2019349,3
1521769,3
2204970,5
1060892,3
1758181,4
1290937,3
2544655,5
1423063,4
2285492,2
398482,4
2011258,3
304693,4
1828001,3
2013726,4
1961377,5
1880009,4
15586,4
2065164,4
2284862,3
2136927,5
599216,4
165838,4
707653,1
941611,4
204177,4
2105137,2
2495881,4
1646618,5
691717,4
2116932,3
315874,4
1080272,4
2622098,3
24536,5
1756027,3
291972,5
1532399,3
1966201,4
874700,3
364749,2
847313,4
1371592,5
2116667,1
2401493,4
943593,5
1497505,5
1528418,4
2421394,1
450125,3
1994064,3
769538,3
2550506,4
1760594,4
679846,3
2467796,3
2116575,4
1857885,4
596918,4
1966998,4
1408227,4
105221,2
1878498,2
26756,5
1520304,4
2141793,2
735400,5
956814,3
2439932,5
107776,4
1380173,2
2539101,5
1362465,4
2303680,4
1036350,5
240669,3
1709466,3
2481992,2
2613898,5
2344089,5
1135154,4
1871337,5
1848428,3
2468158,4
493978,3
1909606,3
56854,4
2483102,4
2534358,5
482999,4
1419757,4
278882,4
2625306,4
1748882,1
2613474,3
127676,2
2044596,4
221406,5
204033,3
1614939,4
1261628,4
325700,3
1702408,5
924979,5
1104218,3
196091,4
1735019,5
1215094,5
1525786,3
1048906,4
2551589,4
427309,4
2163553,5
2407608,4
760481,3
1071266,5
1120498,4
217747,3
1757382,3
762260,2
186626,3
117255,2
1844442,5
2608997,5
2100320,4
2382998,4
381352,2
1570562,5
2051278,4
547380,3
2631788,5
929769,5
1089193,3
2215021,3
93908,5
348835,4
1939218,4
2417151,4
1204995,4
973443,3
1973503,4
2195549,4
1679003,4
2019936,5
179855,5
1620927,4
1577560,5
2361135,3
1823320,3
1482775,3
615914,4
2283366,3
866274,4
2444804,3
2134424,1
1123324,2
1263133,4
1671330,3
369499,5
1484086,3
1593655,3
450020,3
96013,2
669380,3
1010373,1
1788137,3
1478291,5
2206762,4
2590515,3
2191797,4
1375660,4
2451856,5
1287892,3
483553,5
1268424,3
1520179,3
529355,4
1253147,3
2197398,3
1477209,4
95862,5
1478444,5
65860,4
2056864,5
3432,4
2137371,3
556848,4
1668888,3
2494753,4
1933151,4
805209,4
902569,3
29185,4
952582,5
206243,4
1418739,3
2616210,5
442456,1
408117,3
1299769,4
1723583,4
1792303,2
385974,4
2405303,4
2345334,4
2171409,3
1500112,4
1544947,5
51247,1
833205,4
1240186,4
1448959,4
1005606,5
893789,4
768518,5
2053378,5
198845,5
728171,4
1392404,2
75940,4
1658734,5
2515047,5
1781641,4
1924377,3
1703573,4
289953,5
1688484,5
1537052,5
872617,3
109919,4
1268483,5
199008,4
1184537,4
118314,3
594154,3
1932113,3
2253226,3
277204,5
719959,5
2078282,4
501420,4
2510967,3
909134,4
1417315,5
40307,5
541406,3
1609831,4
2329953,2
765633,5
972792,3
1754146,5
1009576,4
2367811,3
183521,5
1274584,4
2445481,4
1720154,4
1151711,5
1053871,3
1390001,5
1135948,4
2260761,5
2023451,2
285881,3
2189299,5
311692,5
1957874,3
1616899,5
787136,5
2217940,5
1538740,3
630691,2
2612341,4
914155,4
339962,4
998502,1
1470878,4
254048,3
1979280,5
1060693,3
383451,3
1564095,3
2341756,3
428610,4
2157035,5
2313013,4
2397061,3
276468,3
2372924,3
1961777,4
1973715,4
1545783,5
1565997,4
1461736,5
1379550,4
57047,4
1789330,5
1295427,4
154214,5
570532,4
2137572,4
2491189,1
1649989,1
1892050,3
2013867,5
2211296,3
1745404,5
1146626,4
2646462,4
496393,4
781151,4
18426,3
1754537,4
2404300,5
654997,4
1067376,3
507603,3
1172980,5
33302,5
2274452,3
923517,5
2585620,2
18786,3
813592,5
838969,3
665653,3
1943141,5
2147714,2
174760,3
919361,5
2085211,4
1771126,3
972616,4
2641668,4
2554084,4
290360,1
2593402,5
520840,3
47075,5
2281214,3
2268851,5
1386900,5
2368526,4
1180319,4
1778991,5
2431172,3
955334,3
2210272,5
178886,3
1487011,4
2438541,4
2325413,3
1753201,4
2282845,5
1018303,3
2025883,3
1068988,4
2194079,5
2252432,4
1066611,4
1368751,3
1592922,5
2230286,4
844391,5
1002249,4
1622063,3
2227822,4
912544,4
194457,4
2330864,1
110081,5
1873315,4
466842,3
1579205,3
2120864,5
824490,4
1291455,2
1818224,4
69904,4
1298555,3
162503,3
1508976,4
1901897,4
2601024,4
2448620,3
2213625,5
10830,3
1165236,5
295321,5
1306280,3
2188046,5
155273,4
1410423,5
2630042,5
467392,3
227131,4
2537543,5
282073,5
962014,4
156331,4
258332,2
1229545,3
2095395,5
868874,4
2608542,3
240054,5
934389,4
1453711,5
332079,5
1985920,3
303643,5
166980,5
2621201,4
2254892,4
1891979,5
1914553,5
662832,4
1113036,4
2018137,2
3595,2
2581876,4
1303244,4
584437,4
2637187,5
2483372,3
480142,3
955719,3
2636046,4
433038,4
1371031,4
129796,4
2112089,2
860520,4
2191370,5
2174287,3
976668,4
725616,4
852166,5
2385481,3
2081757,4
2564111,3
1505434,4
2359204,3
2166018,5
1061597,2
1183642,4
1307002,4
759492,5
1385823,5
1238383,4
680736,4
1693423,5
1564395,3
1333047,3
390062,5
635574,3
1044742,5
1935937,5
1612505,4
1268195,5
690331,5
368756,4
718211,2
1854399,5
198393,4
1262403,3
1740297,3
2518807,4
697365,3
447349,5
1501018,3
1715879,5
90810,3
2633375,5
577350,4
873584,4
1221349,2
939767,3
941431,5
1259071,3
110947,5
2359743,4
1231018,2
1655656,2
2449356,5
2055550,4
1226040,3
1610384,2
871138,5
951152,4
412017,2
1729476,5
1810896,4
2082328,5
2120218,5
664790,5
1373951,5
131,2
1008517,3
2505518,4
89994,4
2082635,5
131937,4
816301,4
2140939,2
649582,2
1681382,5
2278186,2
836150,3
633256,3
994370,2
437371,4
44078,1
2260832,3
53266,3
1806318,3
609512,4
2279366,3
2250323,4
1383829,3
2229724,4
727412,3
1449802,3
322009,4
2012052,5
466763,3
2521051,5
1835249,4
105029,5
763193,3
859453,3
1969285,5
1507219,5
2484755,4
2240776,5
2266655,4
1192767,2
2038196,4
172377,3
1376249,4
1170138,2
1937280,3
320314,3
1187267,3
2387221,3
2222026,5
1776870,1
122337,5
983042,3
337545,3
861054,4
176300,4
1225082,5
1192281,5
1954166,4
2532402,3
348723,3
2060067,2
337186,2
754846,3
2357442,4
2163718,3
613651,3
910772,3
1615982,5
1704775,4
272845,5
1513841,5
72176,4
2150751,4
587518,5
136807,4
1191347,4
257630,3
1143750,1
1890819,5
1523524,5
1466434,4
699743,4
599480,4
1262887,4
1312155,1
1543240,4
303270,3
602628,5
2024669,5
1551543,5
1791594,3
46842,4
1327727,4
1569585,5
2593657,3
575320,5
1048586,5
630611,5
2615552,5
235782,4
2030769,5
1945014,4
874451,3
1227701,4
813287,3
72607,2
78758,3
1819620,3
1470123,1
749149,4
1153186,3
731592,4
2514291,3
1200343,4
1296336,4
308422,4
47344,4
78936,2
327249,3
250159,4
896309,1
1981501,4
106336,4
2054241,5
234450,3
1538160,4
578676,4
1846681,4
679654,4
520363,5
1973244,5
1900514,4
840510,4
2424317,4
1288959,4
477988,5
659526,3
1215591,4
702085,3
2606130,4
2515445,3
2310578,4
1302673,3
1953458,5
2183302,3
2238956,3
2072580,4
128222,5
1650580,4
1954411,4
473399,3
973313,3
979155,3
2162803,4
961346,4
2059274,2
2513893,3
224298,3
1990362,4
1478875,3
274191,4
1835142,3
2359486,5
2632868,5
1655890,4
2308200,2
2240770,2
1012281,1
377937,5
774398,4
2101288,5
1679774,4
915466,5
2110321,5
2619460,5
2318245,3
822140,4
2585112,2
37186,3
1804940,5
379720,3
47289,5
2299517,4
634586,4
117112,2
419691,4
136030,4
1734,5
960983,5
1533545,4
2594337,5
2504544,5
2115291,4
588877,3
2141105,4
11430,5
1525051,5
2188580,4
1125991,2
92786,4
2159363,3
88368,4
2114723,4
2504492,5
217827,5
2250382,4
1483120,3
2397674,2
424371,2
2371791,5
18907,2
1032165,3
818416,3
734544,4
575455,5
297453,4
75862,4
2203225,2
1132764,4
2220576,5
900992,4
10971,5
1568774,1
90332,4
2479736,4
9557,2
505455,5
1403678,5
506953,1
1701081,2
1995099,3
124961,3
1933224,3
2096352,2
1242066,1
910339,4
1522205,4
510834,3
504600,4
1463219,4
2118126,3
2618354,3
1958197,4
2420257,4
1071510,3
373103,5
592094,4
1075075,4
2364405,4
1970630,4
2156178,5
1217497,4
2446939,3
25954,5
1945493,4
1100350,3
2589210,4
1557148,5
2442646,5
2246159,4
869229,4
1290406,1
1532220,4
1820746,4
835473,5
128863,5
1087649,3
1855098,5
1821991,5
371492,3
2054043,4
1725081,5
51666,5
2371857,4
2619914,3
2281678,5
187868,4
2482384,4
1131860,4
1100396,5
772534,5
886998,4
1349613,4
696845,5
1684416,4
553969,2
1030701,3
712752,4
1317580,5
1858583,4
503480,5
1664010,5
1408129,3
2474462,5
1438291,4
2255034,5
1735921,4
2329552,4
1677216,4
1608318,4
1902838,3
2503583,4
152244,4
719094,4
1807140,4
1446509,2
695590,3
375989,2
2276333,3
1737030,3
2327743,3
1340358,4
513632,1
1634248,4
2306968,4
714678,5
1018465,4
748377,4
977413,2
1806594,5
391645,4
578896,5
668693,4
1206948,4
2216592,4
1748609,5
1707368,3
239431,3
1526640,3
992421,4
953043,3
609629,4
1408249,3
2468325,4
2292888,5
1280428,4
526043,5
626868,4
347093,4
629711,4
1617721,4
1490810,4
1171236,4
2205186,4
1575849,4
1959929,3
1088159,3
1696181,3
1064554,3
2629977,5
1356176,3
812769,4
2189638,5
1904227,3
49890,5
2550989,3
1944201,3
1507758,5
1061083,3
2563721,4
2185396,4
1441441,3
928181,4
1986580,5
2141427,1
1126555,3
1507749,4
1491877,5
1785082,4
2059267,4
840254,4
984085,3
999638,5
1970298,3
666998,3
2424335,3
86379,4
1295669,5
1800701,4
614285,4
556534,3
2561618,5
1845777,5
1328158,4
2017649,4
2161965,3
1747574,4
500016,4
1801157,4
815238,2
2225186,4
576990,1
1931981,5
47021,4
2107249,3
2061239,3
676942,4
2472771,4
446306,4
1821339,5
2344181,5
1765217,1
1575903,3
1049315,5
2359836,4
2233596,4
2224532,4
214730,5
1825875,5
1633863,5
1854220,4
740515,3
2035049,4
1272223,4
420026,5
717972,4
910244,5
2256295,5
733891,3
882539,2
2248155,4
50669,2
1872926,3
1207990,5
2134762,4
134750,3
435826,2
2492323,4
2602740,5
836694,5
690426,4
1848148,3
841593,4
560086,2
762414,4
1129621,4
255440,3
1999791,5
665967,4
1267229,5
499257,1
32885,3
1214824,5
527592,5
1419259,4
155115,4
352768,4
2405684,3
2033173,3
24704,3
1709076,4
1412309,5
1741582,5
842846,4
2325499,3
274273,5
669915,4
1215287,4
2450042,4
519761,4
301272,5
1547701,5
504243,4
1269330,5
74480,4
1951705,4
2059101,5
1598669,4
1585897,3
1525752,5
2339102,4
2264014,5
1900565,4
2155331,3
1095791,3
455024,3
379499,4
10901,5
517794,4
1821320,4
836441,4
994466,4
741564,3
417418,4
247474,4
2181794,4
2543158,3
1350652,3
2524708,3
948398,4
1215114,2
547052,4
2168437,4
677470,5
753107,4
115328,4
1470064,3
48355,1
1217689,4
101807,5
715607,5
135409,3
1494238,5
1256620,4
1502539,3
1984604,1
1241131,4
2139785,4
1510826,2
922155,3
1474064,4
1006156,4
835351,4
461931,4
1810578,4
2174815,5
2237597,3
936354,5
2500360,4
75337,3
1421498,4
2186742,3
1889206,4
2297136,1
1010489,3
1762633,4
1556118,4
1365319,4
2158839,3
237752,3
1913123,5
1021356,3
2030888,4
1138840,4
2099780,3
1486710,5
594196,5
1618242,5
2022292,5
1130837,2
877394,2
91979,2
1730699,5
1736217,4
121486,4
1423668,4
2382660,5
946380,3
951578,5
1353566,4
570446,3
674346,3
546402,4
1292190,5
2141207,5
1636145,3
802944,4
1637821,4
41317,2
552356,4
1930208,5
1676526,5
1815083,5
1759285,4
636434,3
561598,5
2635358,4
371534,3
2620545,4
2080602,5
1350064,3
861532,3
2598485,4
40240,5
978983,3
778780,5
379901,4
2081204,3
524619,3
1435891,4
1510806,3
2279885,4
1925002,3
1193762,5
1824028,4
273626,4
334757,5
1629608,5
2403533,4
280120,4
703328,5
1442154,2
2048881,3
1289999,3
1743756,5
637929,4
213980,4
2037724,5
2500738,5
203385,4
1498762,3
1971796,3
651691,4
2404872,3
1387677,4
830766,3
241395,4
1143264,5
5987,5
1691554,2
643813,3
2234845,3
2384044,4
2430181,3
1677588,3
1781536,3
2042548,3
2152856,3
1715798,5
1792238,4
781303,4
2245937,5
1267399,1
25049,5
1944859,4
795341,3
803596,4
2259960,5
1505732,5
1301945,5
1460776,2
1364361,4
1013013,3
2135891,3
1984503,5
15613,3
2531323,3
1077173,5
245369,2
1225824,4
920816,3
693809,2
1876896,4
57565,4
349724,4
1443462,5
115937,4
1160572,5
1456333,4
1963576,3
927129,5
129890,5
858473,4
687348,5
2541141,5
2438246,3
2154920,4
1278468,3
240801,3
1063193,5
854398,3
619207,5
2514777,3
779811,3
434784,5
760211,2
1145251,4
1984123,3
1540044,4
1784723,3
160449,3
347605,4
1347528,4
1034604,4
983272,3
1138485,4
185528,3
2337556,2
270428,5
831439,3
1119528,4
788866,5
1178846,4
2101973,4
2142951,5
2329672,5
1825647,3
977733,5
2533227,4
1776165,3
1326994,1
573337,4
2189371,4
1278338,3
1681947,4
589471,3
205438,4
496440,2
2406078,3
1236134,4
801569,5
1181816,3
279966,3
2323490,4
514262,3
2035099,4
1256810,3
2037342,4
1414339,5
2036646,3
1458266,3
870098,3
2141435,3
551984,3
2311238,3
1233627,4
1227773,1
716761,5
2308175,4
2389860,3
2246248,4
1366320,3
1931870,5
2330618,5
1634821,1
1160024,4
1698418,2
454172,5
1464628,3
1638502,5
2078967,4
306001,4
862040,4
805504,3
2536547,3
879912,2
90051,3
347276,3
2048985,5
370735,3
2522284,5
1656130,4
780481,4
1036336,4
1144887,3
2318166,4
705166,4
666036,3
349060,5
1094767,4
1020646,3
243612,4
1387385,1
75976,4
1049142,4
1301819,3
2500869,4
2105883,5
2372931,4
2387369,4
2079622,4
1720844,5
250261,4
1627242,2
393903,4
2115643,3
972267,4
2212303,5
751091,3
1298511,4
1661216,3
184888,3
2401372,4
1293986,5
463102,4
1535722,5
1173126,2
1755011,3
51606,3
1905594,4
227821,4
1772215,4
1656593,3
1901841,4
1527900,5
1345779,2
122019,3
1201884,3
630529,2
396140,3
679429,5
1949871,4
690837,3
1908539,4
1198527,3
1286400,3
1624124,4
268529,3
632738,5
1468951,5
405075,4
1177848,4
2016667,4
2394142,3
755482,5
1811399,3
2459229,4
1011240,3
504440,4
719294,3
425920,5
565401,3
1987233,4
146780,4
1098765,5
907730,5
1194467,5
1961218,4
2436397,4
1896561,4
1432549,3
1190685,4
659156,4
225972,3
940516,4
2177405,2
1076140,4
2188937,3
1498217,4
975522,4
864023,4
453625,5
1489460,4
627390,3
1682087,4
1695443,2
1071161,5
1592660,3
828349,4
2128,4
2031812,2
304180,4
1998128,3
2473781,4
2290508,5
2342980,5
1847802,3
109831,3
1681416,4
286774,4
2418528,3
684531,4
1124641,4
942513,5
1592140,4
750677,4
1284186,3
2327718,3
588787,4
1824009,3
2492463,3
933819,4
347260,4
47364,5
1640822,3
1168143,4
2274035,5
2572409,4
1428452,4
1531781,5
2550095,4
336239,2
2610969,3
86567,5
2180924,4
1717532,5
224795,4
199609,5
2303590,4
268064,3
490259,5
899444,4
919486,5
1693581,4
928882,3
1787399,4
1938201,4
670869,4
1812301,4
1558912,3
1293458,4
344110,5
869468,2
2418602,5
2425662,5
1329072,3
2212595,5
1208777,4
1945715,5
704058,5
1327342,3
2331215,3
1337293,3
398616,3
2332012,4
1699239,4
2599718,4
1046329,5
224074,4
1976969,3
325587,4
301871,4
555613,2
2211440,5
2223033,4
1295603,3
1935793,5
510519,3
117492,4
183962,4
323243,3
450731,5
1638456,2
1755534,5
447707,3
2559676,5
913371,5
16565,3
1191455,4
1806731,3
376600,4
665252,3
1948352,2
226947,3
472363,4
2559488,3
1072159,4
2542439,5
2356860,4
307975,4
1566886,4
18830,4
2135531,4
252516,5
1607555,5
202114,4
2393981,3
1718526,4
1273304,3
495388,3
11267,5
1252263,4
2375169,4
259581,4
2299488,4
221776,5
1814941,4
2270073,5
135909,4
692964,5
2647888,5
1823735,4
1451140,4
1477153,2
2491423,4
1158240,3
199795,3
2019240,2
1160223,5
44235,5
2418437,3
350067,3
2556737,3
1779118,3
1961586,5
2366877,3
1631168,4
612800,3
71594,2
86609,3
1466453,4
2482024,4
1540360,3
437586,2
1816884,5
294944,4
2432894,4
1731259,5
1407307,2
707012,5
442276,5
1036358,4
387370,4
2525542,5
596267,4
1008085,3
2139885,5
1273033,3
1658101,4
662124,4
370614,5
248904,3
2305014,4
352737,4
424513,5
1574825,2
672097,3
271840,3
2083156,3
1574148,4
1255507,4
224944,5
1881445,2
510765,3
1002943,5
470618,4
2078245,5
1216862,3
379432,5
690615,4
2279291,3
2214254,5
14204,3
166041,4
1431663,5
1094019,4
450465,4
1767457,1
1755681,3
285836,4
2335457,4
1001461,4
2600441,4
1910947,3
190547,3
1980663,3
2067531,4
1666483,3
322367,3
2643638,5
1655778,4
1735893,3
87113,4
1682053,5
1415249,5
1191081,1
1369846,4
1450391,4
2431737,4
2647661,5
670179,4
652826,3
916090,4
118224,5
114662,5
2247335,5
2042380,4
372810,3
2402504,4
2165451,4
1274870,4
493487,2
2277540,2
1261395,4
475487,5
142436,1
1186064,3
938983,5
485283,3
1534564,5
349331,3
966148,3
2498387,4
2231719,3
1974827,5
2047862,4
314385,4
2126702,5
1548807,4
1202209,5
357192,2
1689683,3
2051709,4
854949,3
2579284,5
1187026,5
218704,2
747102,4
2291306,3
2126573,4
762835,4
1392742,5
971678,5
830300,4
1182697,4
1211063,5
1787323,4
969826,3
2011000,4
2410473,4
83687,3
449632,4
430373,3
2622843,4
769129,5
486149,5
1788836,5
2162249,4
303177,2
2380298,4
1698260,5
1535537,5
1706866,4
1765645,3
2267567,3
496831,4
1169138,5
2634074,4
939439,4
2016521,4
573802,4
378591,4
2636478,5
1890744,3
2234279,4
1154507,4
843048,5
959331,4
331432,4
813056,4
249977,3
1582151,2
2628869,4
488256,5
2272654,3
278223,4
1535401,4
502918,5
203369,5
524390,3
122987,4
97166,5
846480,1
16855,3
111693,3
2142898,4
1778955,3
786982,4
2249750,3
509213,4
2459822,3
2073799,3
803553,5
1586929,4
1654496,2
2554942,4
502219,2
2477451,3
1964100,4
504298,4
770326,3
2458336,4
1005439,4
74533,4
991810,4
2124416,4
680045,4
2126733,4
808435,3
1960849,3
385208,4
1174211,5
2521360,4
2108674,5
884183,3
567909,4
1421436,3
838679,4
2533480,5
1970957,4
2142754,5
2167698,1
1401744,3
1440284,4
194528,3
2550711,2
2083745,4
1479374,2
1459374,4
1684992,5
1539579,5
112349,4
2297919,3
717131,2
1159064,3
1513352,3
781248,2
1595876,4
825819,3
1510130,2
1512466,4
1287046,4
2312344,2
923298,3
197897,5
2365059,5
387106,4
108965,3
2356911,4
915924,5
877320,4
283149,4
669659,4
875805,5
777074,4
916644,4
1359449,4
2468261,4
283072,3
1598457,3
433342,3
2107839,3
1600210,4
1927026,4
1054137,3
1622407,5
1978543,3
110332,4
130488,3
1630194,4
141176,2
1628621,5
452974,5
1746477,4
2430909,5
1901678,2
2585997,5
125392,4
1279486,4
277124,4
739517,3
2035310,4
43738,4
831151,4
270692,5
2165686,3
1278249,4
1916602,2
1312066,4
1381552,4
2161158,3
2209995,3
1933788,5
1864582,3
1424177,5
1050867,3
230112,3
1895259,3
1121725,4
1456974,4
1961980,3
1955169,3
467596,5
2036973,4
2020353,4
2156074,3
186973,5
2022462,4
1018168,5
1436655,5
902622,2
696309,5
2570992,4
789408,3
2079668,5
792583,4
2373624,3
299557,5
225285,3
1715300,4
576723,4
679327,2
855377,5
2499088,3
2238115,4
1789629,5
643374,4
166317,4
1995860,3
2449001,5
1210211,3
1194911,4
1171251,3
2167912,5
2345215,4
2286322,4
1056900,4
2436636,3
2325328,2
1852234,4
2310998,4
1314263,2
2209351,4
1556831,3
1563207,5
438340,4
2558442,5
2328511,3
2609365,4
2242228,5
381753,5
2228441,4
1882796,4
237405,4
111322,5
993775,4
846266,2
824478,5
983523,4
373316,3
2464456,3
1485054,4
1082237,3
2338137,3
115240,5
750325,5
1344672,4
497208,1
2509609,2
1699241,4
422336,4
2602874,3
2388610,3
2543694,5
2013584,4
1291805,5
888450,4
2331421,4
2039053,3
837258,4
554587,3
2445788,4
491531,4
452667,4
2072811,4
504642,4
1096051,4
506179,3
1224025,5
1824353,4
1844527,5
824577,5
216534,4
1800459,5
2519299,5
174633,3
311711,4
1317671,3
119721,4
840623,5
1551167,5
1744740,3
93222,5
2284890,4
2210867,5
873492,4
2015654,4
1007754,2
2485434,3
682688,5
2055259,5
1059828,5
2548328,4
2278086,3
17186,3
563705,3
2206143,3
1811259,3
1988149,4
484715,4
2145288,5
451096,4
1078248,1
2066490,4
223582,4
1574597,4
2554035,3
111002,4
2064227,5
1832780,4
2181491,5
2154308,3
470050,3
111338,4
1378838,4
1078536,4
235466,1
687235,2
2204444,4
1916555,5
1197388,3
1151832,4
1340377,4
1554712,4
1679839,4
1828179,3
1446054,4
554171,4
404278,3
4421,4
982161,5
232425,4
2179353,4
928744,5
286397,2
679222,4
748141,4
2552024,4
2352463,3
66540,3
2291263,5
2320214,4
835271,4
2362880,3
395606,3
268872,3
1702603,3
1546659,1
795448,4
1066071,5
2468897,5
2603094,3
169085,3
262862,3
2304586,3
8117,4
1115050,3
1129493,5
2403811,4
2300261,4
427072,4
555349,2
2282510,2
1657258,2
862057,4
453782,3
1731527,5
2238629,3
2131774,3
2045846,4
1801164,5
2141510,3
2532109,5
1374197,4
1258349,4
1526703,4
2089599,1
2287157,4
1738119,3
209387,4
1816712,3
2326770,3
2648568,4
2601566,4
1326154,3
1454516,5
2252640,4
112991,4
123400,1
636256,3
1231384,4
147510,5
1609631,3
253275,4
879693,3
574834,4
1445815,4
1570161,4
2337348,5
1023847,5
2250510,5
760921,4
447386,4
2393468,4
2086901,4
1407665,4
848094,5
973120,4
1065535,5
837153,5
784305,2
1039760,4
255879,3
1987190,5
445423,2
1472203,4
2126168,4
1684485,2
2393813,2
2532100,4
1363282,3
2086584,5
2444204,3
1848548,4
2064172,3
1608500,5
2506025,5
832163,4
484876,3
87206,1
2050201,4
2617709,3
1891149,4
1559083,4
205302,4
1114321,3
1102923,4
770133,2
254222,4
2226339,3
1528604,3
1557557,3
287545,3
745651,3
2606799,3
1279198,4
1691933,5
1509675,5
45392,5
875221,5
735623,4
1244044,4
2347299,4
1780330,4
2226134,3
1261528,5
1958913,4
1286411,3
1084108,2
1984315,4
1884794,3
753151,4
1278864,4
1190512,4
1875008,5
1333494,3
1377637,4
811357,3
1586924,4
910979,3
1079165,3
1153365,5
75894,5
564895,4
2463759,4
1072939,3
2573902,2
761998,4
1617448,5
1278370,5
208166,3
566016,4
2512548,3
2614026,4
1443495,3
603217,4
315268,4
1897742,3
1072294,5
1466569,3
2082865,5
1332214,4
330482,3
2299661,5
1910165,2
216716,3
1910182,4
2343371,4
2597530,3
1293655,4
1581343,5
511883,4
651010,5
355869,3
1504990,5
2402173,5
1782686,4
2231979,4
1146000,5
400876,5
1174079,3
1533591,4
1640722,4
901269,4
1842511,5
1024189,4
524873,5
1591646,5
1676495,4
2443747,3
1070248,2
621003,4
1947378,5
1116907,3
1370480,5
856170,3
357087,3
950518,2
2150155,3
535641,4
943436,3
1056494,2
638824,4
38284,4
1216278,3
575680,4
845384,4
2063167,3
2170822,4
1060393,4
870716,4
521968,4
1498074,4
2502351,5
312997,3
1422346,5
156430,5
104237,5
587610,3
2496042,5
1540779,3
2496892,4
976385,4
182541,4
2014479,4
2508962,5
1214181,4
1641072,3
566993,4
1692798,4
1725515,5
1798282,5
1707569,2
2395648,4
647979,4
1458628,5
314656,5
818857,3
2375962,3
868467,4
1342357,4
2293635,4
2173854,4
2363589,5
649585,3
2041742,1
362622,4
2256485,3
2381784,4
2250150,4
1959868,4
1236627,4
29078,4
1029146,4
198698,3
2061499,3
1811835,5
181666,4
1078549,5
1875786,5
610739,3
2203838,3
1382754,4
1595004,4
2109010,3
1523142,5
2012350,3
2579100,5
2237957,5
1895746,3
1511623,4
1055289,3
1823645,4
2307992,3
685074,4
2165084,4
248426,4
2477303,4
1491054,4
2443244,5
641092,3
1675479,3
2353771,3
735007,2
392597,4
986794,3
1483383,4
716173,5
2014889,3
2127108,3
69475,5
136570,4
1801343,3
636824,3
1055451,3
771094,4
1335559,3
2247941,3
2216803,5
172118,4
1723934,3
1192681,4
1170165,4
417907,4
108360,3
1300036,5
300765,4
104721,5
1001035,4
1181703,5
1374515,1
1552833,4
683604,4
208435,3
1479308,3
598256,3
1772954,5
2233803,4
797705,4
1197972,4
2264626,3
1299887,5
1484174,3
1217897,4
2602922,5
1429069,3
1203928,3
1330860,5
634280,5
2527694,4
2119826,4
1286143,4
535886,4
1788794,5
2148452,4
443695,3
449509,5
70867,5
2420083,4
2013040,2
1578801,5
24801,5
299370,3
504624,4
789014,3
152669,4
798296,4
1411286,4
1402120,4
1078290,5
1159471,4
1272988,2
2040097,4
2430041,4
549962,3
2463242,5
2294218,5
321545,3
1955132,5
2190898,4
1109043,5
91234,2
545026,4
264391,5
953002,3
400793,5
520507,4
522647,5
770230,4
1227739,1
1735922,5
1120246,3
517186,4
816237,4
1086213,4
682963,4
736825,4
2444953,4
376212,5
845597,4
821495,5
412018,3
2622569,4
1924936,5
1582952,3
16272,5
1480900,3
471869,4
649855,5
1722561,4
1278390,3
1937311,4
2555482,4
2376413,5
1511136,5
1339156,2
1504229,3
1976368,5
1621175,3
1398961,4
2229399,5
179881,4
1851629,4
1385728,4
206564,4
2080240,3
982098,4
2332058,4
1880039,3
1555785,5
359827,4
23487,4
342616,3
2008700,5
1920266,4
90833,3
1534148,3
2251831,3
797227,3
58485,3
1733289,5
1183685,4
1370564,4
1233962,5
2596719,4
2201882,4
233778,3
1553965,3
653174,4
2444240,4
1204226,4
1688233,5
932272,1
671876,4
722753,4
1449509,5
1333123,5
916421,2
2637098,2
2643621,3
1088988,4
2026792,4
1397082,3
573995,4
385736,1
237736,4
79811,5
2527484,5
2061758,3
753060,4
2557196,3
2422525,3
894205,4
187591,4
800781,3
1939625,4
895935,3
2490423,3
928740,3
378352,3
154770,5
521074,4
1930074,4
2219650,1
830007,4
1489880,4
628395,2
376012,5
2409611,3
2528130,5
412439,4
729150,4
1999678,3
600141,5
1322292,3
417746,4
2409913,4
718882,4
923149,4
87687,4
934835,3
307154,4
366809,4
886938,3
1617685,4
387916,4
11325,4
1167477,3
144909,2
2266937,2
792439,4
398282,4
1184071,5
1114191,1
54870,5
2034654,3
1970475,2
1375030,5
1600196,2
1327200,5
753710,4
173260,5
2631849,3
1271816,4
2421912,4
204504,5
2562900,4
584436,4
9375,4
499768,4
1089888,5
2362135,5
1667288,1
384679,3
2473070,5
1369834,3
1880468,3
280448,2
738379,2
58544,5
1617329,2
1778599,4
437111,4
1994249,4
819822,3
2012875,2
393945,5
216703,3
2072840,4
1521328,4
2387463,3
2513522,1
2205104,3
1494683,4
1742931,5
555336,3
2178729,2
2385435,5
70122,4
481416,4
949121,3
1224237,5
442813,3
319058,4
2025860,3
679108,5
5652,3
2477348,3
2220186,4
2120724,4
2605948,2
1400300,1
985995,3
1222037,3
1035326,5
2299287,4
966890,4
1029749,5
1735767,5
710005,4
825353,5
92453,4
2173152,5
716246,3
2520489,3
362994,4
1696428,3
179011,3
2025286,5
1498519,5
2459106,3
2481849,4
1359016,4
705787,4
404706,4
2393096,4
1645937,2
2534832,3
1303241,5
1830717,5
999482,5
1312570,3
2394024,4
1409555,5
719110,2
2432559,4
2028530,4
1497309,4
1781852,1
624019,4
2153906,5
636429,3
544956,5
1234753,4
2642403,5
1025440,5
2111693,4
1442124,3
718692,5
483785,5
42811,4
515459,4
600134,4
205371,5
2356793,5
1810833,3
1623735,4
1620258,3
1835421,4
2103314,3
2152930,2
2219648,4
2094731,3
1691501,5
1618998,3
1105663,4
2162531,3
1104427,3
1958912,5
2455103,4
1338171,4
2572311,1
831790,3
50385,2
1627955,1
176774,3
1138277,5
2522148,5
475537,3
538735,5
1256482,3
2372839,4
1307258,3
2295922,4
699566,5
254789,4
642079,5
2495459,3
1265630,4
2415052,4
2006338,2
2038535,4
1675280,4
1389990,2
545639,3
530860,4
1433378,4
1213475,3
1720746,5
1568094,3
2592818,3
1253361,4
958067,3
1497891,4
638564,4
891093,3
823557,3
1886114,3
1647356,3
1885830,4
949829,3
2545982,4
872882,4
685687,3
198559,3
1294471,4
689097,4
1891884,3
1186431,5
2298717,4
534593,5
664443,4
1476852,5
1225382,5
247446,5
2646347,2
475322,5
1367596,3
1508328,3
461070,5
454327,3
487236,4
1729889,3
555069,3
655121,3
1534677,3
646427,3
2065042,3
604173,5
2568589,2
1919885,4
2164873,4
1269656,4
955953,3
1198329,3
2584156,5
964436,5
2522429,2
1787869,3
486529,4
158785,4
1674496,4
341108,3
938447,3
1774623,4
305344,2
1713333,3
280260,4
779665,5
753362,2
2353246,3
655021,4
958634,5
2554977,5
1710821,5
1706645,4
676812,4
2266641,5
171610,3
137703,2
2526805,5
868406,4
571332,5
1541066,5
271128,5
1312688,4
1175759,3
1589349,5
500282,4
1772703,3
1945775,3
2109001,4
2076787,5
986015,3
1918071,1
2561608,4
2217600,2
2328783,4
1524205,4
2115145,3
2626808,3
1279398,3
2561682,5
1436822,4
651142,4
915168,5
638738,5
896306,4
2056817,4
2360906,3
1261931,5
210185,3
1257444,5
2405503,4
1974228,4
2051579,5
1534444,4
1470113,3
800928,4
2186270,2
977017,2
2204091,5
2531311,3
119014,5
1409829,4
2274570,3
1567145,5
614278,4
960556,5
1339689,4
660494,4
2141954,4
235229,5
576204,4
137943,2
923103,5
2558558,4
1000530,3
1771513,3
1957148,4
2051003,3
2226510,3
193562,3
259384,4
1969939,4
2463683,1
298471,4
1394903,4
741056,2
728881,4
2317063,4
6339,3
1181784,4
1502648,3
2030484,3
1945863,5
2528332,5
1978089,5
103950,4
1681964,3
2625058,4
2078968,4
1092852,4
2016453,4
272248,3
1072466,3
66265,3
138582,4
1848988,5
1083516,1
1141762,4
2099446,5
2462819,4
1829281,5
1888060,4
2232148,4
2600283,4
111086,3
1695701,4
2033070,3
1242585,4
1203347,4
937212,3
1403217,2
1268171,5
636692,3
54671,5
1601333,4
1766397,5
366233,1
1246164,4
2135817,5
2276790,1
97530,5
1839895,5
2181151,5
910556,5
1205174,4
982211,3
1594710,5
1673965,4
684654,1
2603059,5
2583705,4
2564428,5
1523710,4
2328825,2
1562632,2
1247465,3
1905512,5
2605725,3
1831368,3
36760,4
2371144,5
1138333,5
1295143,4
2512721,5
368876,2
2241741,3
797632,3
2375380,4
639533,3
1797262,5
2564120,4
328293,4
446163,3
716107,3
2380312,3
1912542,1
1181787,5
2156420,4
35996,3
2550431,4
430575,4
1099404,5
53694,4
170551,1
1233116,4
1356861,4
1719780,4
2563498,5
1271812,4
1459203,5
1047298,4
2033602,5
1187063,4
581616,4
1164446,3
1676752,3
450494,4
1886585,3
2351670,1
896534,5
169854,4
2288889,5
2147527,2
2252947,5
792801,4
2083964,5
1979497,4
112201,3
74441,5
1450484,3
1641798,4
2573464,5
377763,5
2273266,1
512629,5
681217,3
462900,4
2295963,2
1387525,4
1571270,2
1271049,4
1910719,5
1327112,5
464571,4
599831,1
2267735,1
490882,4
1058783,3
1757773,4
2555014,4
1389180,4
1894721,3
793736,4
2079983,3
2022728,4
210762,3
567298,4
1799922,4
1491358,4
588532,3
2630722,3
1593061,3
1071786,4
1161968,4
1215846,5
2214921,5
588086,2
1271554,4
1901563,4
337827,3
1165138,4
547874,2
1538355,5
1501056,4
1235649,4
540844,4
256278,5
2254385,3
63971,5
2294689,5
910792,3
524227,1
2494105,5
650911,4
2129103,4
2214881,5
1547977,3
2215309,4
1322420,5
1621023,3
2380603,3
843269,5
193885,5
1014240,4
1315701,4
2472066,4
2222177,5
364867,3
2159810,5
1861500,3
168729,4
2427770,5
261806,2
2033362,3
2376301,4
108779,3
364664,4
1395781,4
325617,3
1224064,5
1218392,5
2388228,3
1949010,5
338349,5
2243962,5
2043830,5
2183198,5
161013,3
1896997,4
1149153,4
608624,3
785166,4
3458,4
1562255,5
1479207,4
1288346,2
1400154,2
287018,4
1658662,3
1791615,3
196814,3
725884,3
2464081,5
513026,5
1466382,4
332471,3
2442028,3
620010,5
1768448,2
2347596,3
558180,4
2270963,4
2073760,4
2516525,5
2105602,3
2435658,3
2491817,3
1710643,5
70050,3
802403,5
1318179,4
946691,3
2036838,5
2260540,3
1359724,2
2188684,3
15217,4
424144,1
187538,4
2249361,5
2257323,3
690724,3
1554161,4
735252,5
1945005,1
1814991,3
2090715,4
2282075,4
1225383,4
2504095,3
536793,2
352062,5
688051,3
1862805,4
2423467,5
2516844,3
1524551,1
2079894,3
495274,4
926173,4
2533261,5
1530865,5
1122711,3
1926192,4
351002,4
308843,4
2446249,3
2040501,4
1559492,4
1536328,3
2330519,4
363845,4
2577654,5
1077783,4
179210,4
2260738,4
1901598,3
2450525,5
825831,4
1863477,5
1494268,4
1462211,4
1358724,5
1643146,5
1580542,4
1067761,4
1327352,5
230211,5
829490,5
1069677,4
193557,3
1568024,5
1845249,1
2006046,4
580210,5
1916105,4
1766309,1
104320,4
736117,3
655601,5
2215535,2
959401,5
2174467,5
2438621,4
355078,4
338723,5
288420,2
2277814,2
2219361,3
10268,4
573211,5
1275067,2
131643,4
2067099,5
1778848,4
1661271,2
1160232,4
1019815,4
887118,4
1996893,4
2284160,4
2260267,3
1013742,5
2085397,4
1088556,5
1507886,4
1610929,3
1244949,5
414800,5
2506564,4
336413,4
2374610,5
2060260,5
1768181,2
295399,4
371074,3
494014,4
1393842,4
2253668,4
1447641,1
1903907,5
2581488,4
619690,2
535720,3
639583,3
1942527,4
741089,4
1634075,5
1302376,5
1676798,3
899649,5
1427953,4
1444287,5
630498,5
2322592,5
1679397,4
1483654,3
1155628,2
1519349,5
431404,4
2063452,3
362008,3
2279609,4
2269020,4
1223912,3
168513,4
1065445,2
139852,1
781603,3
907650,3
1443989,3
1734572,3
2411118,2
2559733,5
167714,4
605577,4
2336502,4
1977554,4
841633,4
2161938,3
451341,5
1160968,4
1299822,5
149359,3
1701762,3
1979820,5
766181,4
1011513,4
1123618,4
2092244,5
1633009,3
1099977,5
2359778,4
2114885,4
2247417,5
570886,5
2102700,4
983069,3
2407994,4
309133,3
1853781,3
856131,4
26070,4
331946,4
1510726,4
1704729,3
2022983,3
1936206,5
1941326,2
2345756,4
2428018,5
2549156,4
657547,4
1829617,5
397036,4
1627613,4
1858056,2
2101139,3
1620319,3
82874,4
1861484,5
1854414,4
26592,4
2611530,3
29403,5
1744093,4
931384,4
1314857,5
568199,5
1417705,2
1870129,2
778170,5
1082263,4
360264,3
1639386,5
1054783,5
1805778,2
1335658,5
547440,4
1934293,3
709197,2
593252,2
1073396,4
850091,4
1521233,5
2469740,5
2609356,5
1769985,5
1676445,3
1394396,4
736927,5
2326656,3
513957,4
2345403,4
1875139,3
2459420,5
2216322,4
2316631,3
785311,5
2162560,3
1189371,5
2398969,5
1688507,2
1018174,2
1638252,2
620741,4
573077,4
973861,5
356911,3
2187377,4
159159,5
1497344,3
1239467,3
1348088,4
1097620,3
2054746,4
954301,5
902413,5
2208555,5
492555,4
444085,5
2413156,5
2543090,3
483029,5
1675914,4
2634328,5
1667618,2
1911682,3
637481,5
377530,3
357980,4
1715766,4
964851,3
2043681,4
1213386,3
371575,4
240716,4
2260008,3
1258876,5
731876,4
2051135,5
2394881,5
1745870,5
1992121,3
845941,4
1045879,4
2091589,4
2647764,2
1661344,5
1675680,5
256796,5
1819175,5
363195,4
1814516,4
1898553,3
1678992,3
1321861,5
522382,4
1977824,5
1117833,4
1395295,4
2518034,3
1285431,1
1302865,5
660871,3
2443086,3
580426,3
1098028,3
972399,4
920088,3
1039481,4
1001654,4
520817,3
2179375,4
1956904,4
757760,5
1552874,4
1125958,5
2645434,3
84811,3
1986179,3
1440478,4
1962325,3
2634822,4
699827,5
184008,4
2554860,4
2329629,4
2545618,3
14682,4
1430667,5
48741,4
2462556,1
814408,4
1222730,4
1104959,5
1477154,3
1762296,3
1132253,5
600724,5
1219730,3
1909471,4
1273545,5
2296610,4
1318489,3
795510,4
990773,4
2276002,2
853459,4
1685829,3
42275,5
534015,4
36828,5
234399,5
2356165,4
1983938,4
1637265,5
918460,3
391743,4
2636126,5
1197646,3
1316977,3
2208595,5
2329133,3
2044154,4
179872,3
1440607,4
1954342,4
1961172,4
1863511,5
1421023,5
1108856,4
1767931,4
423567,4
1674731,3
1868400,3
980292,3
1833629,5
236414,2
1061041,5
2511278,5
353435,3
2126215,4
23427,5
1605780,2
1951900,5
1723068,4
1614609,5
589682,5
1538396,5
2236896,3
1057037,3
741340,3
707987,3
535751,4
1431356,4
1948155,1
471880,5
2118899,5
1837233,4
1493986,5
465518,4
1866094,4
2597040,4
1934002,2
62512,3
517454,4
812339,3
2441762,2
1191821,5
227151,4
2073795,4
328651,3
2573432,4
2350141,2
166965,5
1329904,3
1702270,4
1066067,4
2436832,3
13528,5
647174,4
813553,3
2134965,4
1212086,3
2398295,5
2533141,4
402266,3
608554,4
1432474,4
2485580,3
74439,3
2030201,4
2556131,4
310101,4
287408,4
1431104,4
290342,3
2557152,4
638657,3
153237,5
580924,4
101408,4
880348,5
301733,4
259275,4
1035969,5
2634516,3
2400911,3
1371238,4
139081,3
212859,5
1369962,3
1143687,1
1482187,4
391471,5
1970765,4
927271,4
1718189,4
1462866,3
1368151,2
1180844,5
735391,4
1202962,2
752642,3
1377882,5
956939,4
1121663,4
1232251,5
542817,3
2006715,4
1915754,5
1580032,5
577616,4
886992,4
1287752,3
1717979,2
1389855,3
2048276,5
2540497,3
325732,3
1538418,5
1198891,4
2212176,2
211377,5
1113393,4
2079496,3
2056909,4
1370506,3
865508,5
613712,2
84213,5
671338,5
2494579,3
188163,5
938764,5
974880,5
1854193,3
2622866,4
2080259,5
1391691,5
1214125,4
1309432,5
671555,5
1695436,4
1494419,4
339252,4
525597,3
697054,4
1240319,3
1634596,4
511899,5
1188440,2
1488032,5
1756620,5
1563684,4
974136,5
903296,5
2261631,3
675700,3
2475149,5
64594,1
224858,4
1991225,3
1827533,3
1720038,4
6460,3
2019266,4
1489576,2
2589332,4
895641,3
154635,3
430876,5
1665824,4
833271,2
2215511,4
1913526,3
2434527,4
1741802,5
2080448,4
1581747,5
316276,5
805207,5
2445689,4
1853520,4
387967,3
1695098,4
414246,4
2485642,5
2141089,5
647087,3
2232911,3
1692152,4
46440,4
1928904,4
1107588,2
140479,4
273576,4
2325730,2
2611783,2
1087551,2
1864088,4
1362770,3
2338855,4
2169264,3
577201,5
1733203,3
2610862,5
1438214,3
1470431,3
1706817,4
1459851,5
1932946,5
1602927,4
330771,4
218626,1
827805,4
1642703,4
1576939,4
377907,4
1227662,4
1244123,5
1525681,4
1250690,4
1193144,3
2201903,4
1224756,5
929383,5
2255880,3
650202,5
606497,4
2544203,3
1187676,5
188190,5
309400,3
760573,4
2032154,4
1486851,4
1845976,3
1760721,4
1460924,3
1130999,5
1060623,2
1061911,3
876627,4
742766,3
2490513,4
2634028,4
885386,3
2160486,4
2619252,1
2325794,3
978613,4
2421104,4
974530,3
158703,3
713559,1
2028737,5
2189871,4
2103916,5
100943,2
633283,5
1017647,4
170178,4
1518577,3
1185057,4
1947662,3
1800224,5
339159,5
1229977,3
2444052,3
1836907,3
551139,3
747960,5
924765,4
2228763,5
1526365,4
364376,5
397549,5
1171469,4
884907,3
1048884,3
83961,3
47140,4
1627392,5
702639,4
2024364,3
2267405,5
397001,4
369036,4
838773,4
1860332,4
1327422,4
1709110,3
1625109,3
10679,5
2268420,4
1872500,4
1712629,5
1598488,3
2314898,4
92387,5
2178287,3
1094034,5
22537,4
686134,4
929756,4
1850071,5
2630145,4
2019800,5
686940,5
705534,4
1324871,1
1187457,4
2364062,4
2378038,3
121182,5
2004524,5
686487,4
504047,2
2163939,4
604671,3
789894,3
2152782,5
1236333,5
285164,4
811704,5
1745107,5
4597,3
2624029,4
2472682,4
1325077,1
1124753,3
1065248,2
1330588,3
326356,4
2358095,3
1001477,5
863644,4
2481827,4
239706,3
461218,3
2141681,4
2337681,3
2324556,2
867311,5
399772,4
1910620,4
1487139,5
1498236,4
1623403,1
603543,3
464504,3
2161176,2
1351411,4
1722054,5
2540516,4
1883550,4
1347935,4
1547747,3
2007483,5
1670876,5
2072858,5
881913,4
2570122,4
471654,4
605128,3
1290944,5
1299355,4
2050743,4
2195910,4
784283,3
2448021,4
489871,3
579707,5
1191408,5
1626367,3
1345597,2
866430,3
1956010,5
2279919,5
684590,2
501279,3
325073,3
2102685,3
2524669,4
1720513,4
2204941,3
598781,4
817916,4
16558,4
2118614,3
2475685,4
532308,5
1244197,4
1327900,4
1342698,2
2211345,3
1773207,5
2324287,4
873299,4
1008039,5
2599758,3
1862911,4
1103178,4
1436780,4
2235641,4
347686,4
85915,4
307427,3
1182560,4
327575,5
2228750,4
2205547,3
237738,5
931226,5
1416948,4
2067423,4
2214772,2
1353339,4
958575,3
2228042,4
2349595,5
2093590,4
846325,4
485949,5
405514,4
125903,3
397815,4
1416190,3
673671,4
968906,4
1747954,5
1653565,3
215554,4
1517470,4
1777527,3
354344,1
1169346,5
1745463,4
516571,3
868620,4
1869431,4
106933,3
416384,3
675450,5
46003,3
2488148,3
983522,4
2528291,3
1221163,5
1553150,4
2277041,4
2251254,5
981800,5
2239892,4
1033845,4
1550359,4
2113107,4
82663,4
837133,4
979424,4
419737,4
1436054,4
2335003,3
371307,4
1803311,5
863081,5
990957,3
1820219,5
612666,3
328654,5
1344263,4
15420,3
1232121,3
199023,4
1138870,4
985009,2
1337084,3
1474480,2
1182342,3
372730,5
1469037,4
1625122,3
933207,4
1344268,5
2541550,5
2143290,3
2086214,4
576590,5
374074,4
1096568,5
850135,4
380236,4
522740,3
303677,4
1879449,5
1078800,4
399820,4
2426088,1
2453830,4
1518291,5
1546736,5
207793,5
2223113,3
1335912,5
1085175,4
1722590,5
2127868,4
1113515,3
2391964,4
860217,5
453501,5
1044050,4
2144081,4
1189286,5
278465,3
1234485,5
2075568,5
533807,4
961541,3
455810,5
824655,5
1830265,4
375738,4
484920,3
2511142,5
2280067,5
1115451,4
714618,3
45911,4
2331815,4
1095925,4
1669360,5
2040420,2
411290,5
2450534,4
2214917,5
1875549,5
411615,3
1600594,5
1357346,5
110545,3
1262713,5
1027719,5
2489070,3
2315006,3
829614,3
904803,5
2164738,3
857132,1
708047,5
2108113,4
600216,3
1181111,3
707713,3
1860150,4
2478385,3
119552,4
403981,5
75284,4
806450,4
1852513,4
433713,4
109079,3
1328243,5
2638144,3
1166536,3
1740812,1
1649775,3
61810,3
805746,3
961675,4
1772362,4
1044034,2
426942,5
230265,4
679869,3
1385316,4
208579,5
714070,4
1343562,4
714664,3
2300201,4
1596784,5
1466362,4
8660,4
1931338,4
1361657,4
1402226,4
2138793,4
943314,5
1096219,4
1699490,3
1937187,4
2236255,3
2271202,1
1723621,3
1516350,3
1498881,4
464792,4
828344,5
2152465,3
1630031,4
2220732,1
1905715,3
1728944,5
2527932,3
2588416,4
113262,3
2186920,3
2405267,5
1491960,3
2037092,4
809329,4
2133714,3
1866323,3
366474,4
1413367,4
1973951,4
2059635,4
2347755,5
622453,3
357588,4
297962,2
373034,3
1190829,3
459972,3
1974130,5
17462,4
2757,3
2361743,4
625067,5
1380413,5
520704,5
1123549,4
550692,3
329358,5
489220,2
1038880,3
1169361,4
1653141,5
328646,1
648596,3
347702,3
415219,4
2384512,4
564026,4
38861,3
1761208,2
1803323,5
2057529,3
1368466,5
1085991,3
776513,4
317494,4
1810656,3
625727,5
662533,4
1128160,5
288256,5
2318588,5
1988679,2
870674,3
1641705,2
1769002,4
1339313,5
1395688,5
1795511,2
720503,3
494492,4
1934459,3
1706873,5
1380424,4
901684,5
2126435,4
654262,3
1626426,3
883521,3
1059536,4
1383642,3
1314190,4
1265998,5
1831014,4
2204903,5
38464,3
301466,3
201579,4
1262145,4
96757,4
701781,4
1806515,3
2118461,4
1949855,2
181364,4
1256895,3
471267,5
514456,5
1851786,3
2592591,4
1447853,4
989070,4
2039301,4
2479131,4
1274275,5
1072585,5
1907649,4
1379440,4
2631584,2
139942,3
896114,4
1922670,3
2537083,4
1948450,4
2131536,2
237286,2
969461,4
1750455,4
1275089,5
328844,3
879753,3
1651997,4
52004,4
2331293,4
1822560,4
1985631,4
1018632,5
1418521,5
2241897,3
30941,3
990297,4
1482396,3
644111,4
1373866,2
1834137,4
1612701,4
1184498,4
703585,5
2314835,3
1618874,4
657606,2
447437,3
671446,1
1648775,4
20223,5
979563,5
2458372,5
1013320,5
2322250,4
474114,3
1548363,2
139557,1
892304,4
232326,4
1476266,3
1337699,4
673187,5
2538567,4
1226928,4
128241,5
1483639,4
25209,3
2351402,4
98572,4
1779271,3
824545,1
1709615,5
2358642,2
545689,4
192618,5
1526618,4
2061495,4
2463441,4
2070028,3
1528691,5
88599,4
1872329,3
1116110,3
1742759,3
51411,4
1463668,4
995424,4
197070,2
2632990,4
2125368,3
756299,3
2221951,4
392651,3
2517361,5
1176711,4
59882,3
1690079,4
2290013,5
14704,4
1622338,4
741248,5
2509125,3
1589608,3
2165695,5
684798,3
2200718,4
2254751,5
2090850,3
446160,3
387418,1
2584254,4
1580437,3
2052520,4
1437146,5
1005911,2
1907661,3
218972,4
1172510,4
1701859,5
977703,5
634602,5
488835,5
909851,3
802808,4
1460630,4
2451933,2
1634975,5
230967,4
321519,4
1361282,4
1335677,3
2118044,4
2475146,1
243868,5
508379,5
740449,3
754161,4
577751,4
704598,5
1310425,3
569200,4
2433040,3
1015473,5
970756,2
2632949,4
691808,5
2076055,4
381346,3
2576833,5
324326,4
690754,4
997261,5
2592234,3
2447933,4
1670839,4
2246362,5
1920218,4
1387522,5
539631,3
2087629,4
1436486,3
1990990,4
1550140,5
1247574,2
1166090,4
1690353,4
2606029,3
2267981,3
2240369,3
783767,3
852897,3
870288,3
1853510,4
2416775,3
947425,2
360287,4
2208964,5
2203916,4
2477493,4
1556617,4
1729402,4
2471266,2
1305047,4
1912034,3
1222337,5
52191,4
78819,3
963663,5
1366327,5
2487919,4
2303393,3
1820004,4
1250802,4
2473692,5
1917301,4
1107303,3
2209865,5
1218545,4
1801719,3
242327,4
2416706,3
256660,4
766680,5
1825371,2
2325440,4
752867,4
354269,5
803605,5
1232103,4
1479719,4
2233293,4
676989,5
1141463,3
2289469,4
1556884,4
1724905,1
1906781,3
730053,4
1002688,4
107909,4
478518,4
1043135,4
397212,4
1306642,5
607897,5
1334853,3
664294,3
2582971,3
601317,4
477502,3
1993723,3
1860246,5
2053907,5
2141441,4
2382189,3
104004,5
1220353,1
2574115,5
2300041,3
2375867,3
1221714,3
262543,4
1109556,1
2505243,4
2504322,5
2120912,5
1434153,5
1364293,3
1908728,5
596133,3
762651,5
1170411,3
2031463,4
1245467,3
2526431,3
1266206,4
1026368,5
1541864,4
964622,5
1391510,5
1308286,5
984290,5
421869,4
388591,3
164865,2
1318272,4
2157264,3
2466473,4
216182,5
2582249,3
1394217,2
1041693,4
883196,4
1948311,4
1879369,4
2088630,5
962220,4
1672014,3
1740928,3
114182,1
376197,5
80365,3
97611,5
1981621,4
1532976,3
408352,5
1786348,5
1979429,5
1818083,4
479755,3
525945,3
1876574,5
2413471,3
1719571,4
2498592,4
21229,5
909308,4
1306646,4
626786,4
487574,3
1532167,4
952636,4
745317,3
540778,4
2214251,3
2344810,4
30281,3
352451,5
1565425,4
1760487,4
867800,4
1212427,4
1424768,4
2296718,4
233197,1
2107068,5
935060,3
2032629,4
319529,2
387701,4
280112,4
832827,4
313535,4
2402139,4
1776644,4
1408655,4
1114493,3
2200214,4
948702,3
757796,2
1391654,3
933895,4
1390389,5
2288776,4
2605672,5
293749,3
2020385,2
1426939,5
1749656,4
385136,5
311070,2
1013077,2
2258579,4
2059949,4
1804362,4
785992,4
112449,3
2303683,4
16273,3
129845,3
1881326,1
1654478,4
1350231,5
44946,1
624987,4
172599,5
459443,5
544668,5
1718096,4
1333708,4
1316130,4
312793,5
794999,5
1811751,4
660061,5
1932594,3
1975414,2
2423786,3
592898,4
2093515,3
1848725,5
2230222,3
99939,1
2087075,4
1409567,2
97608,5
1038264,5
1588857,4
1535772,4
77510,5
1605987,3
2254775,3
958687,4
2153721,2
611593,4
1298036,3
277741,4
2410720,3
870960,4
405572,4
1151120,4
776187,3
484943,3
1985736,2
2490948,4
1061195,4
2025684,3
1033982,4
370218,1
1884698,4
1409759,4
2086404,4
158607,4
203433,3
2463585,3
1425899,4
2025682,5
2186537,5
618820,3
317314,5
40779,3
1086544,4
686685,3
1762695,4
823372,2
1781102,4
1072766,4
586755,4
3694,3
1146042,5
741486,3
2646342,4
824157,4
2582052,4
360972,2
773890,4
2229023,5
1617071,5
1128780,4
543225,5
2546638,3
2375280,2
2387950,4
182875,5
1965638,4
1122757,4
2623729,4
650647,5
2120970,4
431856,5
373466,3
1459557,4
722585,5
305727,5
275600,4
50718,4
393928,4
183516,4
488628,5
2435135,5
1884816,2
365625,3
1797112,5
1918987,4
1576261,2
36217,4
1831664,4
1537431,5
1562701,3
540807,4
2127196,5
343300,3
390505,5
1979715,2
1222253,5
909164,1
802979,4
2234943,2
2442131,3
687532,4
1398256,4
218199,2
229507,5
739313,3
2265729,3
933855,4
2032980,4
394344,5
599314,5
2490848,3
1988784,4
408645,4
1834097,4
1663888,3
1617382,1
1322818,3
505109,2
1966687,3
387633,3
2643193,4
886351,3
129853,4
2350588,5
1413914,4
1620714,3
1035423,3
1561964,5
1738284,3
18091,5
54040,3
2156368,5
727500,5
1291718,3
684231,4
1045614,2
2385534,4
1951175,4
1040924,5
983097,3
1802414,3
786026,5
2060403,3
2171827,3
1638910,4
738899,4
1983551,5
153167,2
1795192,5
1461435,3
1267805,5
2021115,5
1163477,5
1196241,5
1972757,4
69873,4
1942798,5
1866750,5
1450883,4
1404191,4
646763,4
1519692,5
1453928,3
1460132,5
2253616,4
128595,5
2493786,4
2458826,5
1965898,3
534777,1
364238,5
2485596,3
27061,5
2041854,5
1001928,3
1242211,4
1874618,1
1737974,2
1550961,5
2207248,4
1715001,4
2442796,4
376704,3
2233207,4
2365398,5
2083944,5
2194022,5
319632,5
2130993,4
289710,5
947104,5
2030160,5
921585,4
636451,2
2340630,3
100400,1
359115,5
292751,4
1265511,3
2315108,3
409260,4
182203,1
2398894,3
1237167,4
982709,4
231249,4
1883836,4
290874,3
1602153,4
1335712,3
560599,4
985863,5
2069442,5
982580,5
2387520,5
2395020,5
1253792,4
2347696,4
2052789,4
258598,5
2173185,5
2267959,4
2382354,4
1822498,5
1430074,4
1894440,4
173930,4
594385,5
634242,3
1283630,1
1480571,5
1659758,4
1813092,3
493363,4
1112690,4
1367764,5
1785209,3
1902897,2
2311867,4
1722344,4
632153,3
32229,4
1238258,3
2170206,4
685113,5
1921038,3
1794701,4
1037245,3
1895554,3
2427329,3
637185,4
108007,4
841955,5
935936,4
1048069,3
935922,4
1434713,4
306548,4
2346264,4
2032162,4
2384478,3
675407,4
1354435,4
2209489,4
652331,4
1238187,3
7369,5
2581218,4
1199011,3
392939,4
377334,3
1373338,4
922614,4
2484060,5
154869,4
2152292,3
1453265,3
2073532,3
1298591,3
1755144,3
2471832,4
2242997,4
2407458,3
426005,3
947483,4
1173289,4
1399249,5
151004,5
410076,5
685643,4
282567,3
1512991,3
486048,5
2582512,3
1233877,5
1925397,3
699412,4
2535476,4
2291170,5
1688316,3
2273696,4
133129,5
1252450,4
2085266,4
2292823,3
1204865,5
378732,1
1533530,3
573928,4
2441343,2
372743,4
2629234,2
206903,4
1877070,5
1771053,5
1368025,5
480499,2
1872980,3
833884,4
2110335,5
1246924,2
776411,5
1417279,3
1496865,5
1747818,2
237532,5
2253868,3
2113985,4
2608501,4
1150431,5
1428535,4
1670329,4
1241958,5
1666805,3
487031,4
1835511,4
1084999,3
1228106,4
2105068,2
1084952,4
2462479,3
541557,5
1183619,4
1467844,4
2184358,4
836806,4
1129884,5
2292382,4
573311,4
837774,3
1347684,3
1498624,4
87851,4
442963,4
1056238,3
2548453,5
1847613,4
2295235,5
1791019,4
1210032,3
2367323,4
1619514,5
135879,5
191869,5
1155126,3
1284912,3
1823941,5
2405574,4
2083074,4
2178550,3
87993,4
970497,4
324754,4
282489,4
494732,2
105224,3
1730369,4
2519902,3
209494,5
2416771,4
733887,3
1085779,3
968055,3
2165012,4
2076174,1
2492108,1
1639792,2
1233297,4
1110842,4
1841108,4
1316754,5
1918750,4
1605430,5
281959,4
2191570,3
1318289,3
136477,3
698737,4
1279360,4
1979843,5
774088,4
767570,3
2269301,5
368513,3
505210,4
2120396,5
1428788,4
115682,3
368113,1
2463846,3
2156630,5
151710,4
2382912,4
1336792,4
28932,4
80007,3
1470425,4
1006983,4
2146536,3
2006469,3
1068902,3
1027280,2
2123534,4
1005246,5
1368378,4
529543,5
2599148,4
549045,4
1781214,2
1437925,2
406464,4
1668157,4
1352530,3
722983,4
57633,5
2642784,4
2458229,5
2237029,4
195105,3
790348,5
1265131,4
1623723,4
186578,5
267780,3
1875331,4
426070,5
805988,4
2118053,5
2068909,2
1899679,5
1822231,5
1288000,4
2055388,5
2637760,4
2283870,3
1486501,4
2339135,4
551162,4
1659075,3
65883,2
1052463,5
1092918,3
2629740,3
242896,4
1510193,3
790471,5
2318583,4
2491076,5
2361556,5
709905,4
1325749,5
1314645,3
1916193,4
2153512,4
1025888,3
535510,5
1772340,4
2622507,5
410206,3
866048,5
1448620,4
2009638,4
744901,5
844356,4
708868,3
734347,4
998236,5
2115720,4
2143500,5
2335653,5
2530235,4
1376350,4
2469479,4
594462,4
17362,5
128254,4
2566514,4
1358777,2
1678489,5
2306002,4
570410,4
2263536,3
162641,4
1356179,5
2210870,5
1871973,4
1019582,3
1797765,4
377329,4
157357,4
88805,3
1033930,5
140823,3
2081789,4
1236186,3
1807199,4
1920597,4
518137,3
1596031,4
1167767,5
1382816,3
892105,3
2043374,4
712609,5
865027,4
1216880,5
2244916,2
2526414,3
2150689,2
899984,4
1759957,4
1883706,4
1290593,5
1194713,4
2621229,5
1534845,5
910687,3
1117062,3
45117,5
1162732,5
1988919,4
394501,4
1862862,3
988545,4
1674931,3
881783,4
533379,4
1970183,1
1475516,5
925404,4
1368707,4
1545694,4
2136526,4
168178,3
2226559,4
1925926,3
2444873,4
59178,4
2378918,4
1963140,5
868634,4
24715,5
625546,4
2282041,5
1327792,5
1515430,4
1199688,2
43195,5
924922,4
234916,5
2191172,4
1787748,4
75327,3
1448114,5
1832073,3
1827112,2
2295321,4
2125459,4
86051,4
1006936,3
557502,5
663345,4
376153,4
2087093,2
2590625,2
905901,5
2483740,2
40450,5
1353981,1
519944,4
376047,4
615386,2
2347324,4
1123445,5
240748,4
1930688,4
1817069,4
831222,5
2339129,5
1173570,4
2185644,4
2453096,4
1130461,5
1184912,4
2026015,5
219481,4
1722187,5
324225,5
1658355,4
450423,5
2149919,3
749353,3
2570381,4
2403480,2
1938237,4
923631,3
827422,5
255033,3
43031,5
138649,4
1702753,5
363609,5
1930617,5
2388497,2
2477652,3
626225,4
2384355,5
1361614,3
953273,4
150998,5
298972,3
1486201,5
1574365,2
1017411,3
362297,4
1380302,4
1411665,4
2636012,4
2291746,5
2023200,5
683254,4
1367218,3
1966227,4
658645,4
1030431,4
1668431,4
2145961,5
2597934,2
2326975,2
1993420,3
1753012,4
924192,4
635797,4
1906240,3
2004797,4
2283211,1
714349,4
2238060,5
2326386,4
2438708,3
1687347,1
2502016,5
1813693,4
1872934,3
1744426,3
121619,3
1790259,3
350909,4
1907534,5
2489582,5
1891748,4
1051721,4
1704067,4
1999186,3
2118282,4
512278,4
1878798,1
1058930,4
2451020,5
1309680,4
1769904,4
566544,4
2585665,3
176896,4
2028159,4
2523053,3
2049734,4
363868,5
1239429,4
752795,4
1246659,4
2354382,4
2029858,4
1707198,3
830855,3
1852040,4
861840,2
1196799,5
1790903,4
785573,4
949177,3
1456244,3
1306470,4
1605124,3
416193,3
2551538,3
229472,5
1350230,4
2268019,3
1010649,4
2450171,3
716649,5
1110479,4
1668684,3
2290481,3
665128,4
1794244,5
486798,4
1934538,5
2588686,3
2126397,3
609891,4
558413,3
1190383,4
611494,3
2479712,3
1939221,4
1612901,4
2419127,3
1441457,4
1853765,5
1068809,2
2517137,5
1786604,3
2581812,3
2094599,3
2101150,3
1053115,4
1150846,4
608438,3
193560,3
2557596,3
27753,5
953718,5
1240719,5
832536,5
850499,4
1018916,4
791523,4
2589230,2
1029884,3
1487347,3
1486956,4
1062414,3
343139,5
1091775,3
881031,3
863285,4
1744097,5
1971635,4
1202737,4
1039555,5
41042,4
1751262,4
630175,5
229439,5
2074629,4
2413936,4
1401465,5
2246923,4
1543132,5
32754,2
775020,5
844115,5
111657,5
1940143,5
2341871,5
515436,1
1306553,3
1640132,5
1709234,2
195059,5
983534,3
1100710,4
905156,3
629389,2
1257454,5
956401,5
1088293,5
1340811,4
105982,3
437742,4
2256160,3
912687,5
901648,4
1184122,3
1797997,4
1182139,1
719414,5
2465216,5
257710,4
679947,3
179118,1
564733,3
1619822,5
2169737,3
1563713,5
1592086,5
225934,3
751725,5
1550718,4
2534508,4
2252978,4
2238483,4
2172710,5
298298,3
2276649,4
2065684,4
88188,4
1753560,5
1599837,3
1416729,5
2269100,4
1633691,3
159730,5
1822153,5
1928019,3
969495,4
1933961,5
1451734,3
395105,3
1891779,3
902738,4
1563443,5
2559507,4
1955628,5
382960,5
1629801,3
200446,5
2787,5
1291353,2
1044403,4
2179800,4
284810,3
2313362,5
2000256,3
2449569,4
1319661,2
760924,3
383132,4
1311573,3
1304115,4
1325816,2
102442,4
1597569,4
1357209,5
389400,4
87427,4
1930329,3
2036752,1
47669,4
236621,5
1779151,5
1833297,4
1610435,3
2320706,5
998271,2
590275,4
2209110,5
509009,3
992670,4
586517,4
1184388,4
1133557,5
1842201,4
285174,4
1208613,3
1580917,4
2031937,3
903378,3
2054908,4
2577450,1
1646639,3
2571895,5
1016180,2
1578366,4
323796,4
89152,5
992764,4
2095686,4
2438821,3
1258781,4
1112565,5
2523341,4
588133,4
1456579,5
1711710,5
2348784,4
426460,4
2151490,3
1685548,3
2604057,3
415813,3
1893596,4
1224560,5
292698,4
499856,2
841432,5
1693762,4
2242413,4
294040,2
1274826,5
1221897,4
1911845,5
808549,5
1967891,5
206893,5
137594,5
317138,4
1671043,4
965075,4
805343,3
78523,3
1150125,1
624468,4
1533807,4
2340706,3
237263,2
1608147,2
270763,4
2243071,4
1102824,3
896338,3
2604430,5
1640023,4
2000600,3
1566640,3
2252362,5
2447365,4
2405379,5
188613,4
899799,5
1569519,3
166410,4
948109,3
21823,4
316527,4
1887456,3
489702,1
954742,4
718634,4
2392601,3
2596078,5
101692,4
737905,3
945815,4
125206,5
776235,5
2367301,4
27746,4
1157950,4
2486001,3
1951711,3
1340264,3
217762,3
1979465,5
50400,5
1594074,5
1198962,4
13130,3
1897454,2
2098373,4
287901,4
957726,5
665124,4
271854,2
127061,4
345891,4
2398656,5
1217751,4
1081076,4
539743,4
92161,2
178266,3
1557705,4
1326341,3
510438,4
2648599,5
2145632,2
1064648,3
1683284,4
900950,2
2334586,5
2539309,3
713982,3
2455503,1
385882,5
10897,2
2115020,3
1566628,3
1381280,2
630594,3
1622554,4
1411831,4
2011458,3
671896,3
1579262,4
293417,5
1426829,4
2010433,5
1557013,5
784776,5
1933317,3
1968710,5
929375,4
218261,3
1009895,5
1066555,5
1074237,3
871630,5
693712,5
1844850,3
1794615,4
554063,4
1174259,4
2495256,5
718566,3
1816985,4
965330,4
2417983,3
925414,3
1738753,4
250655,4
508609,4
1494367,4
2616427,5
1348630,3
2374451,4
320177,4
1967868,4
1345275,3
174167,5
2305320,3
330376,4
2237988,3
1273190,4
2018713,2
452299,3
982006,4
1645377,4
1589188,5
710598,5
2476002,3
960627,3
1772658,4
2007066,2
152134,5
2250944,4
1929361,1
2339023,3
1810093,4
1854330,5
2593384,4
1866911,5
365996,4
1176919,4
2279229,4
1808612,4
1008759,5
1076062,3
697970,5
317640,4
2111672,1
2627248,4
2402382,5
963009,5
335938,4
627801,3
1138975,4
81865,3
1931033,4
1841559,4
832977,4
1900788,4
770339,3
2408711,3
1082078,5
1882941,4
1259374,3
1300759,5
2387845,4
582114,3
1476632,4
1500291,2
2469788,4
2085241,2
1397841,4
1992341,4
2062455,4
107640,4
13017,3
2572942,5
2643057,3
1285692,4
318763,5
946102,2
818784,5
1961675,3
1939739,3
795105,3
2162665,3
1502727,3
1961864,3
2507981,5
1349433,2
2242161,4
1804819,5
945992,4
744129,3
1920318,2
144265,5
1104589,4
483107,3
2549935,4
340492,3
1822783,5
2082452,4
2576509,3
701867,3
1434507,5
2006043,5
2418109,2
1607300,5
1794019,2
676190,4
1143825,3
962497,3
60183,4
234275,3
15737,2
2323358,5
405058,5
774251,4
1920056,4
1055714,5
293198,5
2510785,4
572440,5
762349,3
1650294,4
702455,3
2407365,5
839515,5
1559566,2
535380,4
1272199,5
