12317:
719055
2175152
93864
584719
1831363
1721647
2323694
1396403
1624607
1665338
2308621
766151
2463612
943357
2267687
2596224
2617466
882423
194606
2362555
2448380
1010871
1980594
458831
2097451
65824
2138255
13058
993423

4057:
2069176
1126203
674590
591535
1243711
472585
519760
1671944
1277299
1331788
2070559
824828
623797
1782253
1510334
314933
954131
336250
594164
2147527
2561861
2256485
1540840
1394012
618934
1600480
654401
919582
2118429
1571565
1876520
1013375
133993
2064197
1313126
712394
1648178
1777150
572864
145142
206533
459612
1749787
2520822
341649
613685
560599
1166197
1459848
1869160
1070563
1107412
1148389
712115
1535282
245678
614761
2011580
2575961
22235
581449
1843626
1109887
1932594
478749
1871583
2006556
1549678
828286

5317:
2354291
185150
868399
1026389
2173336
364518
1400980
1392773
2473170
1625755
1744873
53679
712664
1990901
935991
676036
317465
702293
804157
443969
2299739
1955818
814875
435763
1618539
1682761
2418109
2413742
2109140
1206702
2636181
2356081
295830
1546026
2086335
397831
2038496
1540483
1442195
1187906
35922
714487
1595055
39864
2298729

9519:
1428688
573364
117277
1464366
105942
2325737
2382710
1242757
1169433
2482518
2484814
1049643
1601348
1692001
2373029
2299825
1006473
1628475
194431
2367330
1391691
2048217
671338
1906698
1253337
2092290
747338
2405561
929903
2267405
1471223
1165310
739252
2378038
1200373
2447017
2516779
1725861
2525782
44737
327575
1327900
2267849
2264638
612666
2489582
2125956
2597442
8431
1302022
1938999
2158922
349743
1990842
2219917
1524653
1404949
201427
2448838
1400108
2422895
1414361
2495193
1552802
2549935
1352307
1603751

10019:
487154
2350988
1967016
467597
1191387
1466477
2049251
67095
1772740
1367415
658929
371346
1151159
306688
2145783
505579
1462807
1214125
1933736
258371
2250647
2380848
1306541

10042:
449288
358207
738504
1936779
2075263
2588589
1824896
799952
442949
821426
2222492
1177074
763194
864349
1073838
435239
1504619
1158233
1725691
1219488
355734
1552853
1349810
2000309
157714
1785115
2113817
392760
2178014
2426972
415554
1588401
2635311
825911
1077278
1195825
1294368
1681172
2603832
1605305
1546331
1411717
1772203
1406374
1285139
2158577
1115357
759913
2561288
2490806
1829200
2602447
860456
1555238
2421856
1016514
3521
480507
2260949
1501345
2162935
706887
2571652
1293776
1521559
1570293
278603
793065
1287583
1625264
2588945
1933557
1823605
109760
2498038
2228961
2198877
1808448
1493909
113283
55480
1268644
2444942
276644
618895
2306124
2338966
2270326
2249254
664256
1028345
116977
2623937
1116457
2166373
551679
417124
1712565
159934
1368605
1486764
1420468
429190
1507820
823838
533720
1392109
2191211
1093116
295633
1846238
2126325
473956
2621148
2090086
2287172
1149851
2176281
2448196
1298111
2082092
2075183
2340041
786420
2391518
1992363
2138553
1965448
1862369
1322407
1349128
10044
1095830
1166011
2164887
162753
1937981
1310028
1111762
1663338
637958
435157
732802
914857
19534
2056799
1221673
2174615
994894
2610750
2126942
2609002
1693021
1647980
1665375
1019149
1739377
133101
624733
2082786
319250
1435637
1457053
764659
1460379
102451
1650395
989696
874887
1490653
580058
346750
2608024
2436848
555123
1747641
2386027
1929359
836219
632633
8169
2014151
1557284
135015
1113423
1964770
2329488
2089117
2402345
115631
946605
151106
2357555
136368
1182445
2013806
817008
1047833
2644973
1522395
2499841
101137
505651
241785
2165664
452955
2004273
1501998
2077649
2646469
1552674
1384467
545822
727461
528277
860927
187518
2289046
541917
247386
2223771
1947574
645655
1292687
670517
2342489
987437
2022482
49943
1622444
2410691
1575870
2407792
2239486
514932
23803
830599
838656
2430768
2123985
1391737
150344
1438395
524762
896185
1749501
47541
2169244
2154522
2393691
1063941
1012788

10078:
2028757
1026616
1312224
750543
200387
1277733
157112
1362948
391799
61821
1799269
1423199
1782462
1845829
2087800
618603
1368715
1506188
1797293
1763857
504600
2476368
733491
666447
2282989
2293485
1616870
373574
1430590
154770
948524
1317760
1358401
1980603
166281
213865
1611752
1980398
1718041

4149:
1116838
132390
546578
1522126
848760
1753259
2024848
1332360
1519388
2367275
991931
965190
1394510
530441
1947516
205618
1588410
1359983
2026728
1479087
991725
620920
2263006
1421919
2329125
759018
2106652
2630241
2455138
2262706
1794216
962487
1253418
2140780
888595
1671535
1148143
2456198
1328185
435561
740947
1512950
2621862
125282
2443212
1230647
98383
1692107
2209044
2477414
649770
767816
1350497
284918
172622
954927
2516053
838130
1086736
2369811
1120091
549678
855860
68845
1426448
1404971
411234
668404
2002163
1657077
2611785
2064942
1980933
1898008
2311810
1568298
122735
2379535
1174910
523965
1373140
1643917
1876625
1514444

15945:
1943087
2503129
1990901
2431286
889439
2480084
1567328
1945809
951709
1109700
2400678
2514857
754082
2422606
1276913
1172232
697038
1735266
1174530
1289059
1997470
2189855
2360117
1128809
1294425
1936617
2049207
487106
2321960
162756
1795345
1185289
2563498
2151520
1363173
581616
478815
2620277
1829787
44866
962151
1979497
1263652
1948236
74441
588662
2204671
507229
1450484
1641798
1192843
2419814
944261
208724
1385356
2480287
1602924
352258
2355869
2638766
611504
352201
854093
2222791
1023176
1525070
650976
1270469
1948153
2389847
1664442
2201019
303584
1726093
2633357
2400258
2129657
1112029
2325714
442546
1073786
319526
1272199
2616318

6256:
1227322
1603364
2270611
2439493
611083
305344
1073522
2118461
387418
2460347

3836:
1731538
2414865
1110156
1699301
680004
243068
1439151

14968:
1550446
2214828
2051609
398339
401039
1419157
1829172
259103
570435
298350
1505055
1326784
1755939
2476626
1150804
1477128
1605535
1204257
1273297
583876
2071630
1092788
1136341
1481568
1530876
440102
1622113
1909371
1136005
247241
1753374
1598173
631278
963676
336969
2101460
1501327
772862
833244
1238974
428491
30748
388947

5994:
1388914
1385483
2395248
509868
2142326
1753060
1218848
1013166
2316177
674053
942054
1404161
169816
1270810
1190119
1109973
2647587
2393056
966965

8631:
2093572
2504536
536722
1097932
1215796
204071
1850775
2005076
1433682
2625338
1995143

8632:
1857750
919454
2607239
1027776
674801
2044511
71132
2361549
245980
1546157
1992545
697471
300282
329801
2134591
821529
236126
2518121
1690732
2610379
760063
2069241
428975
1993291
2176813
1897945
2547948
769829
1250728
1328975
2635148
387146
1301718
1109019
1195662
1027858
604128
1987191
1460144

9996:
66828
1149582
336696
2462908
1589627
1720226
1194354
592532
1351081
80354
16792
481320
899431
570792
1619158
2571420
1817485
1206224
1553993

9997:
2179700
1347835
765578
2328701

9995:
824097
1913324
560942
2089193
937434
163546
1771303
486573
897464
2469808
826041
2326407
889725
1523998
1173459
1763537
85601
1451183
2579961
1137411
1626521
2140671
240851
1365671
2001195
250836
1131510
1427987
787968
2336219
1022395
1323070
239208
275498
1743988
126681
2529759
2238529
2090165
2219926
774958
793027
1404109
1740800
1378830
441178
1198298
247846
797049
1322867
202273
792817
2436032
2370866
1510947
1276114
2296244
1742919
301841
1211133
1384452
1582387
1293796
2556754
1841210
939970
1945118
2376038
2077668
105596
2495765
449537
2429248
1197904
651851
587879
1337310
1953492
2393202
902148
2468512
1619737
2499020
1507400
2387221
360581
1760325
2396222
2446386
1901576
733906
115438
2354195
1891935
2109227
31351
2062044
254600
378346
163357
1574344
2460019
1792347
1034153
176168
1244036
1607106
2296531
580802
2046572
451597
54412
2636478
561377
2481460
1541262
2501711
2132108
1020337
1348230
1122509
1422737
743623
2056549
153068
931503
1119629
642578
559034
1654132
1927428
1822249
8450
638866
765308
2586849
326839
2127784
1243729
928595
198755
721144
1232910
2319523
2269901
2420298
594219
1595489
1020352
564436
2218900
2512727
846555
2385402
544778
350782
800940
2594711
709562
49351
1547773
1923432
2488514
1399334
2245749
2269385
1256895
580018
1674641
1473556
1675984
1582340
1942272
2045481
2007300
2285360
136306
2198383
364710
1863485
1292195
1132000
1952718
1009577
566240
1968999
339288
1605131
1392114
1396663
1720424
2354939
2047814
298221
915668
1564010
2144572
639434
825578
1930058
194929
1847661