3:
351043
468575
255665
402301
695056
477516
607517
709385
442620
413864
434247
173299
516783
38292
651639
265492
387849
145453
163145
82286
531592
447517
335325
23759
115792
686312
786830
146048
263236
231819
304229
547743
196621
115385
760026
367869
188598
234173
751496
39:
448460
179183
191961
336457
772277
509317
356401
99081
412113
267222
162844
225792
253118
190527
190339
486574
291095
136904
538623
29050
464197
533767
86756
392606
418774
371315
277065
465271
99337
273716
560639
268097
679683
791237
616988
594974
6:
527154
503055
189848
23700
48719
779817
796610
157294
98330
355694
79316
622625
410071
11115
437876
609784
331969
564314
144735
50031
654808
142286
85762
168853
95115
284636
648561
666709
311904
410358
612769
21414
775891
248649
411464
365049
379597
7:
119730
119915
285819
628350
607106
59831
473701
124029
785669
45425
664555
125551
434887
187186
425915
638362
224092
723839
503695
8:
545271
185643
430979
399165
682344
669606
677854
635943
712396
116212
116468
9:
569365
162975
569574
120170
242269
445513
685653
678118
525834
93371
432658
535907
186106
330083
747970
582290
628015
10:
307747
309038
97577
203842
605560
409834
20902
232405
330888
210675
135571
240493
33128
646626
241183
540977
226248
772493
389913
74590
612362
478356
38630
249802
133942
724053
321236
40769
35:
697015
424003
272497
339533
561234
772171
82929
154236
6032
472971
602147
326578
136252
605543
381421
773999
80503
551736
426053
12637
64227
162929
631917
759297
481308
127166
503460
769701
36:
374625
229705
189348
174712
16017
252073
600264
52579
157112
796564
360133
13601
685853
41780
37:
602936
755911
240820
333660
85865
239496
288686
573960
53679
412595
240114
318970
518482
282825
39692
38:
70878
102313
329641
139549
186726
433292
249689
640069
744095
127881
540782
97068
688386
318773
789973
146730
497314
194524
60312
485183
635307
265096
11:
587380
370534
708711
43994
565959
250483
129739
457453
332464
282558
731904
411389
414766
466928
155150
698657
659984
303433
458962
310103
701031
660223
694043
637357
45708
12:
753067
571383
357702
732564
135565
228859
606392
109027
554176
456339
319810
200463
239289
722631
102189
192187
97837
185475
514693
616853
511571
649461
656383
671440
729861
125229
32692
590800
7678
462889
190950
535488
145227
295986
328663
181122
13:
637973
435341
624717
685870
736558
544684
475420
251727
417606
497732
18088
751164
171974
364172
765985
448236
223988
500607
482507
465997
106613
787137
449575
482792
497293
577940
334902
368335
730530
148490
678260
172006
159820
619823
70048
254244
180116
297334
461018
136652
14:
407996
258607
379522
306482
442435
464809
681873
243855
285779
783799
131909
635007
788231
131178
770844
356942
405980
206943
187267
553509
625078
361550
247657
713304
621318
575274
164897
91965
689985
524962
588701
750722
433172
377885
743407
15:
599859
593572
268766
273366
251724
632490
629124
77273
521131
451894
730117
560033
460468
94963
519407
140188
696097
364231
488415
672145
663820
150910
545557
185746
70049
152263
780949
336997
101345
785442
169325
747291
1:
597971
31311
582031
274776
336745
445746
433834
572412
754242
102145
743229
372474
765978
410415
713912
354640
704965
588971
160859
732830
327837
758037
411039
538134
746235
698492
655807
391709
181230
341522
2:
717796
547620
433321
645931
639063
721473
275615
118045
799412
274896
534878
775258
193963
212285
435836
388831
319404
769870
224490
11789
535884
787557
454174
478974
362530
14594
212309
34954
455336
16:
68825
582725
259764
351737
373776
707784
232122
459132
460442
271671
349668
185357
414254
9285
121064
20582
384780
403870
714511
506623
512499
447225
356523
150650
329496
368105
665949
106150
628644
737808
358862
643033
293246
17:
458696
94297
33306
631853
293281
477667
626983
426008
175589
465057
268628
631195
245738
244638
458617
640006
357329
220935
230153
195400
403909
7483
717444
357410
429077
582701
406102
469788
90924
637284
25:
616735
309616
200934
208588
392876
657254
258875
35004
119188
109947
146348
286268
770501
666928
679648
375115
571409
121008
207284
133896
450874
138008
790496
329272
774566
693148
412159
116605
240784
436283
717227
10729
114594
609350
738710
542280
642689
76116
108093
479943
18:
457626
288528
210866
526309
193226
231495
541205
282308
292914
568137
40457
287287
270011
713883
141832
622287
491804
695794
387882
122365
399398
9659
21561
780187
43506
46697
416963
771601
270015
422597
309324
362029
19:
577590
348470
89231
362661
205667
730440
358045
535252
172533
320531
106245
773839
5298
686768
609224
607710
222497
587727
740479
534151
576682
20:
216715
439548
58710
347688
239445
21:
204113
559315
410337
405842
651396
74529
722268
330416
253694
60779
115737
538103
486912
560428
208915
131816
697985
528656
93694
463565
69264
400370
39196
434336
696971
517697
176954
4663
38844
222328
371145
604908
196467
249869
789777
657453
264255
375525
688682
640177
22:
636796
508835
164681
172245
639875
173623
377267
671774
154905
732357
454579
691224
433669
74082
688751
158718
460450
314429
185059
161878
23:
477637
283517
402674
7998
350002
24:
311196
96559
48012
249477
47838
71814
751230
479735
403755
66451
394435
292495
758597
730211
531822
4796
191730
479583
218863
778512
516521
26:
568033
554907
50740
552827
207281
536214
654175
480785
667138
51079
297948
551484
607014
599482
663282
108732
137718
27:
719731
354127
49989
775599
202797
652549
372063
778614
139306
798769
592204
212945
270311
28:
311614
288591
461573
446271
4:
151113
30149
511589
147266
147255
473540
67514
369222
172530
528006
698608
692457
631372
629265
599521
187054
386950
448935
652951
288297
743080
99469
5:
519404
418061
244132
733948
223745
387380
709902
321038
754879
147513
192458
539223
38737
470927
340852
327596
359026
163208
314540
699137
461099
472561
173157
122498
763280
661119
442022
743105
450068
36301
38134
503188
35712
388375
29:
380970
625365
587368
268471
156668
80811
141761
683745
588909
195145
637192
121168
599852
354545
773463
519213
172692
661401
650964
42488
539615
492425
739303
183885
425715
720018
237966
462227
369631
528949
311528
768314
474891
588439
730362
185928
30:
592888
683803
641660
400412
527256
59896
309680
203610
124786
605264
315497
372501
203559
499238
206912
215387
611972
438461
528201
162176
67864
580172
519034
270507
346769
788926
679849
651372
272295
671276
251836
358085
459525
246035
741315
726273
78561
548665
87139
682232
31:
398692
154478
226706
744243
169199
358430
719857
492072
655775
153477
434558
726009
412944
297092
340937
261523
32:
630227
87150
312159
234380
280874
445273
504630
115857
740294
292764
127108
776344
673210
786594
285732
468105
486857
714586
177055
144978
155156
509218
368474
281932
632767
201368
306576
26630
603140
522173
70849
465113
795305
33:
666547
460574
7708
180253
410213
559760
162609
618934
138470
265402
100556
670996
21425
358926
34:
772074
522868
306670
741248
217048
572541
